%YAML:1.0
---
object_0:
   poses: !!opencv-matrix
      rows: 6
      cols: 18
      dt: d
      data: [ -3.2493206931628782e-01, -3.1452106957728632e-01,
          -1.3953123401860076e-01, -3.5305135268079574e-01,
          -3.6202704307428540e-01, -9.3337487137778258e-02,
          -9.2625861132383969e-02, -9.2537729898182361e-02,
          -2.7956194558884012e-01, -3.3582365560213995e-01,
          -1.3310566624601314e-01, -1.3991066334871632e-01,
          -3.0211277804514314e-01, -2.4669925109824159e-01,
          -1.4784538562065228e-01, -1.4432015938672715e-01,
          -1.5614231894838485e-01, -1.4014797337378967e-01,
          1.7373949287671839e+00, 1.6515328402466007e+00,
          1.5209847308280471e+00, 2.0135959691834766e+00,
          2.0979384447230895e+00, 9.9904763344718095e-01,
          1.0041194730275007e+00, 3.7799326559279334e-01,
          1.4219130993858062e+00, 1.0905312317452995e+00,
          1.5638420643329269e+00, 1.6599499455955893e+00,
          1.7082687106712839e+00, 1.7802366429437961e+00,
          9.9983823868384758e-01, 1.0060528213929747e+00,
          3.8050988975281352e-01, 1.3431464970346860e+00,
          -6.2080698875329451e-02, -7.0955547570859173e-02,
          1.3740857023294889e-01, -6.3799363920196556e-03,
          1.2291648773747195e-02, 7.8063994342092713e-02,
          7.8702813530824076e-02, 2.6768551467818796e-02,
          -9.2584325961213382e-02, 4.6366171193496647e-02,
          7.4784800041893418e-02, 7.8341536400056755e-02,
          3.2274969997657096e-02, 7.8553152239999244e-02,
          4.1101193041879390e-02, 4.1688937586538168e-02,
          1.1356823544831947e-02, 5.5883294952062644e-02,
          2.8379614776920204e+02, 2.9111493714541160e+02,
          3.6589572909592607e+02, 3.5246585790954401e+02,
          3.7142163234784590e+02, 8.5565506056724175e+01,
          8.6085310363478115e+01, -2.4121166654903496e+02,
          2.6970582575750524e+02, 4.4683726084033975e+02,
          3.0621453755422505e+02, 3.1418730892426231e+02,
          5.0492350079241220e+02, 4.6930401191846562e+02,
          8.4113342279759394e+01, 8.4935473499058872e+01,
          -2.4176807288568313e+02, 2.6116464226570275e+02,
          -1.4530135712710867e+02, -1.4494421897091721e+02,
          -3.5125690637351155e+01, -1.4102330700230434e+02,
          -1.4240606756869144e+02, -4.2792069188633690e+01,
          -4.0500750954749826e+01, -4.3796201225684143e+01,
          -1.4414025321601164e+02, -2.1383019819876939e+01,
          -2.7187322558384910e+01, -2.1079057590570137e+01,
          -6.4735031687193512e+01, -3.1695428140884054e+01,
          -2.1659980662487314e+01, -2.4640590569514742e+01,
          -2.4904900974375025e+01, -2.1447550543283185e+01,
          2.1970101408551064e+00, 5.5886100841298742e+01,
          4.0277805022345439e+02, -4.6095955863792135e+01,
          5.4437239393131208e+01, 3.8142921997181804e+02,
          2.9890112547607447e+02, 3.2334654840867086e+02,
          2.5843660006719233e+02, 2.4858375807236234e+02,
          1.5734136659437874e+02, 3.5782293812018764e+02,
          4.7221373491129633e+01, 3.1615257165118958e+01,
          3.8142305517042041e+02, 2.9921562848909764e+02,
          3.2331337086072028e+02, 3.6723954485749096e+02 ]
