%YAML:1.0
---
nb_camera: 2
camera_0:
   camera_matrix: !!opencv-matrix
      rows: 3
      cols: 3
      dt: d
      data: [ 1.6108475828646413e+03, 0., 1.0069092906608952e+03, 0.,
          1.0176998706709257e+03, 5.2106011876685955e+02, 0., 0., 1. ]
   distortion_vector: !!opencv-matrix
      rows: 1
      cols: 5
      dt: d
      data: [ -4.4524392314688993e-01, 2.0924295426339587e-01,
          -1.6369636578317359e-02, -2.7626204324664061e-02,
          -1.8220734272493180e-01 ]
   distortion_type: 0
   camera_group: 0
   img_width: 1920
   img_height: 1080
   camera_pose_matrix: !!opencv-matrix
      rows: 4
      cols: 4
      dt: d
      data: [ 1., 0., 0., 0., 0., 1., 0., 0., 0., 0., 1., 0., 0., 0., 0.,
          1. ]
camera_1:
   camera_matrix: !!opencv-matrix
      rows: 3
      cols: 3
      dt: d
      data: [ 1.1079861501419014e+03, 0., 8.9394751204612453e+02, 0.,
          -1.6323265313849419e+01, 5.7210248693746155e+02, 0., 0., 1. ]
   distortion_vector: !!opencv-matrix
      rows: 1
      cols: 5
      dt: d
      data: [ -4.1511101992417754e-01, 1.3713800649023661e-01,
          -7.1039413227278414e-02, 5.3593496353798988e-02,
          -2.6170993335750389e-02 ]
   distortion_type: 0
   camera_group: 0
   img_width: 1920
   img_height: 1080
   camera_pose_matrix: !!opencv-matrix
      rows: 4
      cols: 4
      dt: d
      data: [ 5.9496021129388565e-01, -8.0175661550920418e-01,
          -5.6645180415999495e-02, 4.9507761680031543e+01,
          7.9508116792452166e-01, 5.9740197305474985e-01,
          -1.0467482506348266e-01, 8.6843776565534213e+01,
          1.1776367601647623e-01, 1.7239839834472036e-02,
          9.9289199036630760e-01, 1.5450439950583808e+01, 0., 0., 0., 1. ]
