%YAML:1.0
---
object_0:
   points: !!opencv-matrix
      rows: 3
      cols: 720
      dt: f
      data: [ 12., 0., 0., 12., 27., 15., 15., 27., 42., 30., 30., 42.,
          57., 45., 45., 57., 72., 60., 60., 72., 87., 75., 75., 87.,
          102., 90., 90., 102., 12., 0., 0., 12., 27., 15., 15., 27.,
          42., 30., 30., 42., 57., 45., 45., 57., 72., 60., 60., 72.,
          87., 75., 75., 87., 102., 90., 90., 102., 12., 0., 0., 12.,
          27., 15., 15., 27., 42., 30., 30., 42., 57., 45., 45., 57.,
          72., 60., 60., 72., 87., 75., 75., 87., 102., 90., 90., 102.,
          12., 0., 0., 12., 27., 15., 15., 27., 42., 30., 30., 42., 57.,
          45., 45., 57., 72., 60., 60., 72., 87., 75., 75., 87., 102.,
          90., 90., 102., 12., 0., 0., 12., 27., 15., 15., 27., 42., 30.,
          30., 42., 57., 45., 45., 57., 72., 60., 60., 72., 87., 75.,
          75., 87., 102., 90., 90., 102., -73205296., -73205296.,
          -73205296., -73205296., -73205304., -73205296., -73205304.,
          -73205304., -73205304., -73205304., -73205304., -73205312.,
          -73205312., -73205304., -73205312., -73205312., -73205320.,
          -73205312., -73205312., -73205320., -73205320., -73205320.,
          -73205320., -73205328., -73205328., -73205320., -73205328.,
          -73205328., -73205296., -73205288., -73205288., -73205296.,
          -73205296., -73205296., -73205296., -73205304., -73205304.,
          -73205296., -73205304., -73205304., -73205312., -73205304.,
          -73205304., -73205312., -73205312., -73205312., -73205312.,
          -73205320., -73205320., -73205312., -73205320., -73205320.,
          -73205320., -73205320., -73205320., -73205328., -73205288.,
          -73205288., -73205288., -73205296., -73205296., -73205288.,
          -73205296., -73205296., -73205296., -73205296., -73205296.,
          -73205304., -73205304., -73205304., -73205304., -73205304.,
          -73205312., -73205304., -73205312., -73205312., -73205312.,
          -73205312., -73205312., -73205320., -73205320., -73205312.,
          -73205320., -73205320., -73205288., -73205280., -73205288.,
          -73205288., -73205288., -73205288., -73205288., -73205296.,
          -73205296., -73205288., -73205296., -73205296., -73205304.,
          -73205296., -73205296., -73205304., -73205304., -73205304.,
          -73205304., -73205312., -73205312., -73205304., -73205312.,
          -73205312., -73205320., -73205312., -73205312., -73205320.,
          -73205280., -73205280., -73205280., -73205288., -73205288.,
          -73205280., -73205288., -73205288., -73205296., -73205288.,
          -73205288., -73205296., -73205296., -73205296., -73205296.,
          -73205304., -73205304., -73205296., -73205304., -73205304.,
          -73205304., -73205304., -73205304., -73205312., -73205312.,
          -73205312., -73205312., -73205312., 8.33802950e+06, 8338023.,
          8338030., 8.33803650e+06, 8.33803750e+06, 8338031., 8338038.,
          8.33804450e+06, 8338046., 8.33803950e+06, 8338046., 8338053.,
          8338054., 8.33804750e+06, 8.33805450e+06, 8338061.,
          8.33806250e+06, 8338056., 8.33806250e+06, 8.33806950e+06,
          8.33807050e+06, 8338064., 8338071., 8.33807750e+06, 8338079.,
          8.33807250e+06, 8338079., 8338086., 8338021., 8.33801450e+06,
          8338021., 8.33802750e+06, 8338029., 8.33802250e+06,
          8.33802950e+06, 8338036., 8.33803750e+06, 8.33803050e+06,
          8.33803750e+06, 8338044., 8.33804550e+06, 8338039., 8338046.,
          8.33805250e+06, 8338054., 8338047., 8338054., 8.33806050e+06,
          8338062., 8.33805550e+06, 8.33806250e+06, 8338069.,
          8.33807050e+06, 8.33806350e+06, 8.33807050e+06, 8338077.,
          8338012., 8.33800550e+06, 8.33801250e+06, 8338019.,
          8.33802050e+06, 8338014., 8338021., 8.33802750e+06,
          8.33802850e+06, 8338022., 8338029., 8.33803550e+06, 8338037.,
          8.33803050e+06, 8338037., 8338044., 8338045., 8.33803850e+06,
          8.33804550e+06, 8338052., 8.33805350e+06, 8338047.,
          8.33805350e+06, 8.33806050e+06, 8.33806150e+06, 8338055.,
          8338062., 8.33806850e+06, 8.33800350e+06, 8337997., 8338004.,
          8.33801050e+06, 8338012., 8.33800550e+06, 8338012.,
          8.33801850e+06, 8338020., 8.33801350e+06, 8.33802050e+06,
          8338027., 8.33802850e+06, 8.33802150e+06, 8.33802850e+06,
          8338035., 8.33803650e+06, 8338030., 8338037., 8.33804350e+06,
          8338045., 8338038., 8338045., 8.33805150e+06, 8338053.,
          8.33804650e+06, 8.33805350e+06, 8338060., 8337995.,
          8.33798850e+06, 8.33799550e+06, 8338002., 8338003.,
          8.33799650e+06, 8.33800350e+06, 8338010., 8.33801150e+06,
          8338005., 8338012., 8.33801850e+06, 8.33801950e+06, 8338013.,
          8338020., 8.33802650e+06, 8338028., 8.33802150e+06, 8338028.,
          8338035., 8338036., 8.33802950e+06, 8.33803650e+06, 8338043.,
          8.33804450e+06, 8338038., 8.33804450e+06, 8.33805150e+06,
          -127724632., -127724640., -127724632., -127724624.,
          -127724616., -127724632., -127724624., -127724608.,
          -127724608., -127724616., -127724608., -127724592.,
          -127724592., -127724600., -127724592., -127724584.,
          -127724576., -127724584., -127724576., -127724568.,
          -127724640., -127724656., -127724648., -127724632.,
          -127724632., -127724640., -127724632., -127724624.,
          -127724616., -127724624., -127724616., -127724608.,
          -127724600., -127724616., -127724600., -127724592.,
          -127724584., -127724600., -127724592., -127724576.,
          -127724656., -127724664., -127724656., -127724648.,
          -127724640., -127724648., -127724640., -127724632.,
          -127724624., -127724640., -127724632., -127724616.,
          -127724616., -127724624., -127724616., -127724600.,
          -127724600., -127724608., -127724600., -127724592.,
          4.16533453e+09, 4.16533453e+09, 4.16533453e+09, 4.16533453e+09,
          4.16533453e+09, 4.16533453e+09, 4.16533453e+09, 4.16533453e+09,
          4.16533453e+09, 4.16533453e+09, 4.16533453e+09, 4.16533453e+09,
          4.16533453e+09, 4.16533453e+09, 4.16533453e+09, 4.16533453e+09,
          4.16533453e+09, 4.16533453e+09, 4.16533453e+09, 4.16533453e+09,
          4.16533453e+09, 4.16533453e+09, 4.16533453e+09, 4.16533453e+09,
          4.16533453e+09, 4.16533453e+09, 4.16533453e+09, 4.16533453e+09,
          4.16533453e+09, 4.16533453e+09, 4.16533453e+09, 4.16533453e+09,
          4.16533453e+09, 4.16533453e+09, 4.16533453e+09, 4.16533453e+09,
          4.16533453e+09, 4.16533453e+09, 4.16533453e+09, 4.16533453e+09,
          4.16533453e+09, 4.16533453e+09, 4.16533453e+09, 4.16533453e+09,
          4.16533453e+09, 4.16533453e+09, 4.16533453e+09, 4.16533453e+09,
          4.16533453e+09, 4.16533453e+09, 4.16533453e+09, 4.16533453e+09,
          4.16533453e+09, 4.16533453e+09, 4.16533453e+09, 4.16533453e+09,
          4.16533453e+09, 4.16533453e+09, 4.16533453e+09, 4.16533453e+09,
          -157419856., -157419872., -157419872., -157419872.,
          -157419856., -157419856., -157419872., -157419856.,
          -157419840., -157419856., -157419856., -157419856.,
          -157419840., -157419840., -157419856., -157419840.,
          -157419824., -157419840., -157419840., -157419840.,
          -157419856., -157419856., -157419872., -157419856.,
          -157419840., -157419856., -157419856., -157419856.,
          -157419840., -157419840., -157419856., -157419840.,
          -157419824., -157419840., -157419840., -157419840.,
          -157419824., -157419824., -157419824., -157419824.,
          -157419840., -157419856., -157419856., -157419856.,
          -157419840., -157419840., -157419856., -157419840.,
          -157419824., -157419840., -157419840., -157419840.,
          -157419824., -157419824., -157419824., -157419824.,
          -157419808., -157419808., -157419824., -157419808.,
