%YAML:1.0
---
object_0:
   points: !!opencv-matrix
      rows: 3
      cols: 542
      dt: f
      data: [ 0., 15., 30., 45., 60., 75., 90., 0., 15., 30., 45., 60.,
          75., 90., 0., 15., 30., 45., 60., 75., 90., 0., 15., 30., 45.,
          60., 75., 90., 0., 15., 30., 45., 60., 75., 90.,
          -4.26272392e+01, -2.76272869e+01, -1.26273355e+01,
          2.37261558e+00, 1.73725662e+01, 3.23725166e+01, 4.73724709e+01,
          -4.25919991e+01, -2.75920467e+01, -1.25920954e+01,
          2.40785623e+00, 1.74078083e+01, 3.24077568e+01, 4.74077110e+01,
          -4.25567551e+01, -2.75568066e+01, -1.25568542e+01,
          2.44309664e+00, 1.74430485e+01, 3.24430008e+01, 4.74429512e+01,
          -4.25215149e+01, -2.75215645e+01, -1.25216141e+01,
          2.47833729e+00, 1.74782887e+01, 3.24782410e+01, 4.74781914e+01,
          -4.24862747e+01, -2.74863243e+01, -1.24863739e+01,
          2.51357770e+00, 1.75135288e+01, 3.25134811e+01, 4.75134315e+01,
          -2.05216721e+02, -1.90218018e+02, -1.75219315e+02,
          -1.60220627e+02, -1.45221924e+02, -1.30223221e+02,
          -1.15224525e+02, -2.05376297e+02, -1.90377594e+02,
          -1.75378906e+02, -1.60380203e+02, -1.45381500e+02,
          -1.30382797e+02, -1.15384102e+02, -2.05535873e+02,
          -1.90537170e+02, -1.75538483e+02, -1.60539780e+02,
          -1.45541077e+02, -1.30542374e+02, -1.15543678e+02,
          -2.05695450e+02, -1.90696747e+02, -1.75698059e+02,
          -1.60699356e+02, -1.45700653e+02, -1.30701950e+02,
          -1.15703255e+02, -2.05855026e+02, -1.90856323e+02,
          -1.75857635e+02, -1.60858932e+02, -1.45860229e+02,
          -1.30861526e+02, -1.15862831e+02, 6.49298096e+02,
          6.50370911e+02, 6.51443726e+02, 6.52516541e+02, 6.53589355e+02,
          6.54662170e+02, 6.55734985e+02, 6.49376038e+02, 6.50448853e+02,
          6.51521667e+02, 6.52594482e+02, 6.53667297e+02, 6.54740112e+02,
          6.55812988e+02, 6.49453979e+02, 6.50526794e+02, 6.51599609e+02,
          6.52672424e+02, 6.53745239e+02, 6.54818115e+02, 6.55890930e+02,
          6.49531921e+02, 6.50604736e+02, 6.51677551e+02, 6.52750366e+02,
          6.53823242e+02, 6.54896057e+02, 6.55968872e+02, 6.49609863e+02,
          6.50682678e+02, 6.51755493e+02, 6.52828369e+02, 6.53901184e+02,
          6.54973999e+02, 6.56046814e+02, 7.89424896e+01, 9.39404221e+01,
          1.08938354e+02, 1.23936287e+02, 1.38934219e+02, 1.53932144e+02,
          1.68930069e+02, 7.90303955e+01, 9.40283279e+01, 1.09026253e+02,
          1.24024185e+02, 1.39022110e+02, 1.54020050e+02, 1.69017975e+02,
          7.91183014e+01, 9.41162262e+01, 1.09114159e+02, 1.24112091e+02,
          1.39110016e+02, 1.54107956e+02, 1.69105881e+02, 7.92061996e+01,
          9.42041321e+01, 1.09202065e+02, 1.24199989e+02, 1.39197922e+02,
          1.54195847e+02, 1.69193787e+02, 7.92941055e+01, 9.42920380e+01,
          1.09289963e+02, 1.24287895e+02, 1.39285828e+02, 1.54283752e+02,
          1.69281693e+02, 1.80901108e+02, 1.65901291e+02, 1.50901474e+02,
          1.35901657e+02, 1.20901840e+02, 1.05902023e+02, 9.09022064e+01,
          1.80900665e+02, 1.65900848e+02, 1.50901031e+02, 1.35901215e+02,
          1.20901405e+02, 1.05901588e+02, 9.09017715e+01, 1.80900238e+02,
          1.65900421e+02, 1.50900604e+02, 1.35900787e+02, 1.20900970e+02,
          1.05901154e+02, 9.09013367e+01, 1.80899796e+02, 1.65899979e+02,
          1.50900162e+02, 1.35900345e+02, 1.20900536e+02, 1.05900719e+02,
          9.09009018e+01, 1.80899368e+02, 1.65899551e+02, 1.50899734e+02,
          1.35899918e+02, 1.20900093e+02, 1.05900284e+02, 9.09004669e+01,
          4.83116852e+02, 4.71821198e+02, 4.60525543e+02, 4.49229919e+02,
          4.37934265e+02, 4.26638641e+02, 4.15342987e+02, 4.84264557e+02,
          4.72968933e+02, 4.61673279e+02, 4.50377625e+02, 4.39082001e+02,
          4.27786346e+02, 4.16490723e+02, 4.85412292e+02, 4.74116638e+02,
          4.62820984e+02, 4.51525360e+02, 4.40229706e+02, 4.28934082e+02,
          4.17638428e+02, 4.86559998e+02, 4.75264374e+02, 4.63968719e+02,
          4.52673065e+02, 4.41377441e+02, 4.30081787e+02, 4.18786163e+02,
          4.87707733e+02, 4.76412079e+02, 4.65116455e+02, 4.53820801e+02,
          4.42525146e+02, 4.31229523e+02, 4.19933868e+02, 4.15203583e+02,
          4.24165588e+02, 4.33127594e+02, 4.42089600e+02, 4.51051605e+02,
          4.60013641e+02, 4.68975647e+02, 4.16571259e+02, 4.25533264e+02,
          4.34495300e+02, 4.43457306e+02, 4.52419312e+02, 4.61381317e+02,
          4.70343323e+02, 4.17938965e+02, 4.26900970e+02, 4.35862976e+02,
          4.44824982e+02, 4.53786987e+02, 4.62748993e+02, 4.71711029e+02,
          4.19306641e+02, 4.28268646e+02, 4.37230652e+02, 4.46192657e+02,
          4.55154694e+02, 4.64116699e+02, 4.73078705e+02, 4.20674316e+02,
          4.29636322e+02, 4.38598358e+02, 4.47560364e+02, 4.56522369e+02,
          4.65484375e+02, 4.74446381e+02, -5.01508331e+02,
          -4.97738678e+02, -4.93969025e+02, -4.90199371e+02,
          -4.86429718e+02, -4.82660065e+02, -4.78890411e+02,
          -5.01198090e+02, -4.97428436e+02, -4.93658783e+02,
          -4.89889130e+02, -4.86119476e+02, -4.82349823e+02,
          -4.78580170e+02, -5.00887848e+02, -4.97118195e+02,
          -4.93348541e+02, -4.89578888e+02, -4.85809204e+02,
          -4.82039551e+02, -4.78269897e+02, -5.00577576e+02,
          -4.96807922e+02, -4.93038269e+02, -4.89268616e+02,
          -4.85498962e+02, -4.81729309e+02, -4.77959656e+02,
          -5.00267334e+02, -4.96497681e+02, -4.92728027e+02,
          -4.88958374e+02, -4.85188721e+02, -4.81419067e+02,
          -4.77649414e+02, -5.29737000e+02, -5.25872437e+02,
          -5.22007812e+02, -5.18143250e+02, -5.14278687e+02,
          -5.10414093e+02, -5.06549530e+02, -5.29616760e+02,
          -5.25752197e+02, -5.21887634e+02, -5.18023071e+02,
          -5.14158447e+02, -5.10293884e+02, -5.06429321e+02,
          -5.29496582e+02, -5.25631958e+02, -5.21767395e+02,
          -5.17902832e+02, -5.14038269e+02, -5.10173676e+02,
          -5.06309113e+02, -5.29376343e+02, -5.25511780e+02,
          -5.21647217e+02, -5.17782593e+02, -5.13918030e+02,
          -5.10053467e+02, -5.06188904e+02, -5.29256165e+02,
          -5.25391541e+02, -5.21526978e+02, -5.17662415e+02,
          -5.13797852e+02, -5.09933258e+02, -5.06068665e+02,
          -3.75187286e+02, -3.65053894e+02, -3.54920471e+02,
          -3.44787079e+02, -3.34653687e+02, -3.74475220e+02,
          -3.64341797e+02, -3.54208405e+02, -3.44075012e+02,
          -3.33941620e+02, -3.73763123e+02, -3.63629730e+02,
          -3.53496338e+02, -3.43362915e+02, -3.33229523e+02,
          -4.01608459e+02, -4.00001495e+02, -3.98394531e+02,
          -3.96787567e+02, -3.95180603e+02, -4.01954224e+02,
          -4.00347260e+02, -3.98740295e+02, -3.97133331e+02,
          -3.95526367e+02, -4.02299957e+02, -4.00692993e+02,
          -3.99086029e+02, -3.97479095e+02, -3.95872131e+02,
          3.43225128e+02, 3.23279236e+02, 3.03333374e+02, 2.83387512e+02,
          2.63441650e+02, 3.42706268e+02, 3.22760406e+02, 3.02814545e+02,
          2.82868683e+02, 2.62922821e+02, 3.42187439e+02, 3.22241577e+02,
          3.02295715e+02, 2.82349854e+02, 2.62403961e+02, 8.31648483e+01,
          6.31819153e+01, 4.31989822e+01, 2.32160492e+01, 3.23311591e+00,
          8.31100082e+01, 6.31270790e+01, 4.31441460e+01, 2.31612129e+01,
          3.17828059e+00, 8.30551758e+01, 6.30722427e+01, 4.30893097e+01,
          2.31063786e+01, 3.12344551e+00, 2.60528351e+02, 2.80451385e+02,
          3.00374420e+02, 3.20297455e+02, 3.40220490e+02, 2.59223206e+02,
          2.79146210e+02, 2.99069244e+02, 3.18992279e+02, 3.38915314e+02,
          2.57918030e+02, 2.77841064e+02, 2.97764099e+02, 3.17687134e+02,
          3.37610168e+02, -2.00127335e+01, -9.59225893e-02,
          1.98208866e+01, 3.97376976e+01, 5.96545067e+01,
          -2.14699936e+01, -1.55318284e+00, 1.83636265e+01,
