%YAML:1.0
---
nb_camera: 8
camera_0:
   camera_matrix: !!opencv-matrix
      rows: 3
      cols: 3
      dt: d
      data: [ 2.3156753838624700e+03, 0., 1.6480537147362411e+03, 0.,
          2.3142176147639861e+03, 1.1925284052584730e+03, 0., 0., 1. ]
   distortion_vector: !!opencv-matrix
      rows: 1
      cols: 5
      dt: d
      data: [ -1.7584062856303181e-01, 3.6148319289327568e-01,
          5.9553242997145393e-03, -2.9158267447494520e-03,
          -3.1110452336556510e-01 ]
   distortion_type: 0
   camera_group: 0
   img_width: 3360
   img_height: 2240
   camera_pose_matrix: !!opencv-matrix
      rows: 4
      cols: 4
      dt: d
      data: [ 1., 0., 0., 0., 0., 1., 0., 0., 0., 0., 1., 0., 0., 0., 0.,
          1. ]
camera_1:
   camera_matrix: !!opencv-matrix
      rows: 3
      cols: 3
      dt: d
      data: [ 1.9269555691676280e+03, 0., 9.0853940259784360e+02, 0.,
          2.0102492781091130e+03, 5.9470955360820074e+02, 0., 0., 1. ]
   distortion_vector: !!opencv-matrix
      rows: 1
      cols: 5
      dt: d
      data: [ -3.7367387521072587e-01, 1.8567179427967867e-01,
          4.2278300715333133e-03, 1.3924624658649399e-03,
          -1.4290017562069901e-01 ]
   distortion_type: 0
   camera_group: 0
   img_width: 1920
   img_height: 1080
   camera_pose_matrix: !!opencv-matrix
      rows: 4
      cols: 4
      dt: d
      data: [ 9.9963014327982314e-01, -2.2877792768904278e-02,
          -1.4703171235603345e-02, 1.2839095590843557e+00,
          2.3319482755814264e-02, 9.9925945930253079e-01,
          3.0606122237470085e-02, 3.0286535800542294e+00,
          1.3992082416912934e-02, -3.0937672705566435e-02,
          9.9942337477027299e-01, 6.0260088173373276e+02, 0., 0., 0., 1. ]
camera_2:
   camera_matrix: !!opencv-matrix
      rows: 3
      cols: 3
      dt: d
      data: [ 1.1689686019653739e+03, 0., 9.6140142998701731e+02, 0.,
          1.2143751338286024e+03, 5.8917313280370922e+02, 0., 0., 1. ]
   distortion_vector: !!opencv-matrix
      rows: 1
      cols: 5
      dt: d
      data: [ -3.0939454641772890e-01, 6.9527127346113132e-02,
          -1.1001420414947507e-03, -2.1995013786354914e-03,
          5.4447139804623002e-04 ]
   distortion_type: 0
   camera_group: 0
   img_width: 1920
   img_height: 1080
   camera_pose_matrix: !!opencv-matrix
      rows: 4
      cols: 4
      dt: d
      data: [ 9.9956409222251374e-01, -2.2562223035261893e-02,
          1.9041313796294094e-02, 1.3565704853077933e+00,
          2.2969223051334642e-02, 9.9950638517890855e-01,
          -2.1433636625864116e-02, 6.1579924651946181e+00,
          -1.8548324231581672e-02, 2.1861657720736640e-02,
          9.9958892930539278e-01, 6.1769107322914397e+02, 0., 0., 0., 1. ]
camera_3:
   camera_matrix: !!opencv-matrix
      rows: 3
      cols: 3
      dt: d
      data: [ 1.1439974900001093e+03, 0., 9.8795797159292408e+02, 0.,
          1.1937318849225067e+03, 5.3778422072088040e+02, 0., 0., 1. ]
   distortion_vector: !!opencv-matrix
      rows: 1
      cols: 5
      dt: d
      data: [ -3.6066488509424793e-01, 1.3066266060126647e-01,
          -9.4627899766408714e-04, 1.0861956132763915e-05,
          -2.2825195281324255e-02 ]
   distortion_type: 0
   camera_group: 0
   img_width: 1920
   img_height: 1080
   camera_pose_matrix: !!opencv-matrix
      rows: 4
      cols: 4
      dt: d
      data: [ -9.1080591373731012e-01, -4.6930497980661574e-02,
          -4.1015864718475781e-01, -9.0280545547070204e+01,
          -3.6989456020774733e-02, 9.9879856884288620e-01,
          -3.2143413332895582e-02, 5.3202422314110315e+01,
          4.1117437620118141e-01, -1.4104865709722940e-02,
          -9.1144757672555132e-01, 6.4503130088074852e+02, 0., 0., 0.,
          1. ]
camera_4:
   camera_matrix: !!opencv-matrix
      rows: 3
      cols: 3
      dt: d
      data: [ 1.2775347187662519e+03, 0., 9.5867980030100568e+02, 0.,
          1.3014881150217002e+03, 5.6058976832867063e+02, 0., 0., 1. ]
   distortion_vector: !!opencv-matrix
      rows: 1
      cols: 5
      dt: d
      data: [ -4.8286623978195992e-01, 4.6176417068373393e-01,
          -1.3170785641051798e-03, -1.0991583830944203e-02,
          -2.5492729115700191e-01 ]
   distortion_type: 0
   camera_group: 0
   img_width: 1920
   img_height: 1080
   camera_pose_matrix: !!opencv-matrix
      rows: 4
      cols: 4
      dt: d
      data: [ 7.1874901520232604e-01, 2.1234945730911014e-02,
          -6.9494527138868389e-01, -3.5168290934410805e+01,
          1.5501826750078019e-02, 9.9879556359908150e-01,
          4.6552287829961653e-02, -1.3467516162364319e+01,
          6.9509678931289631e-01, -4.4232332231053502e-02,
          7.1755414727552413e-01, 5.5879211192382138e+02, 0., 0., 0., 1. ]
camera_5:
   camera_matrix: !!opencv-matrix
      rows: 3
      cols: 3
      dt: d
      data: [ 1.0906429251224520e+03, 0., 9.8464718884511740e+02, 0.,
          1.1670682124416419e+03, 5.8119423479886700e+02, 0., 0., 1. ]
   distortion_vector: !!opencv-matrix
      rows: 1
      cols: 5
      dt: d
      data: [ -3.8744419417419418e-01, 1.7763115297763643e-01,
          -3.1216832070301683e-03, -3.6070331552394857e-03,
          -4.2770380675635149e-02 ]
   distortion_type: 0
   camera_group: 0
   img_width: 1920
   img_height: 1080
   camera_pose_matrix: !!opencv-matrix
      rows: 4
      cols: 4
      dt: d
      data: [ -9.1801611504664959e-01, -1.5347125379653850e-02,
          3.9624598200768907e-01, 8.7321832026517654e+01,
          -1.2148853105010380e-02, 9.9987022584183527e-01,
          1.0580020946589809e-02, 5.5396865924583835e+01,
          -3.9635693242693448e-01, 4.8986954976385499e-03,
          -9.1808343024995931e-01, 6.2912842368599468e+02, 0., 0., 0.,
          1. ]
camera_6:
   camera_matrix: !!opencv-matrix
      rows: 3
      cols: 3
      dt: d
      data: [ 1.2195310821286630e+03, 0., 9.4495614243484943e+02, 0.,
          1.2417521806513791e+03, 5.4080685801513596e+02, 0., 0., 1. ]
   distortion_vector: !!opencv-matrix
      rows: 1
      cols: 5
      dt: d
      data: [ -3.5370305922365874e-01, 1.6587102597825757e-02,
          2.5383931099661871e-03, 3.8637511382447320e-03,
          1.6347565900474859e-01 ]
   distortion_type: 0
   camera_group: 0
   img_width: 1920
   img_height: 1080
   camera_pose_matrix: !!opencv-matrix
      rows: 4
      cols: 4
      dt: d
      data: [ 7.1684614283015180e-01, -4.6128487125559343e-02,
          6.9570379486175071e-01, 5.5992677829031102e+01,
          1.9296542036480197e-02, 9.9873941115225451e-01,
          4.6338235580159537e-02, -1.1052172390039566e+01,
          -6.9696431111999424e-01, -1.9792707918703693e-02,
          7.1683261486784833e-01, 5.5922824309988982e+02, 0., 0., 0., 1. ]
camera_7:
   camera_matrix: !!opencv-matrix
      rows: 3
      cols: 3
      dt: d
      data: [ 1.1957958452974849e+03, 0., 9.6716614571707464e+02, 0.,
          1.1946169999540784e+03, 5.8243718383946282e+02, 0., 0., 1. ]
   distortion_vector: !!opencv-matrix
      rows: 1
      cols: 5
      dt: d
      data: [ -3.8704062226737601e-01, 1.5955276919595238e-01,
          -1.0284353779506140e-03, -6.2826936565060147e-04,
          -3.3208570273668865e-02 ]
   distortion_type: 0
   camera_group: 0
   img_width: 1920
   img_height: 1080
   camera_pose_matrix: !!opencv-matrix
      rows: 4
      cols: 4
      dt: d
      data: [ -9.9811865971735558e-01, 5.3209068099641481e-03,
          -6.1080513052440458e-02, 1.5193556135537443e+00,
          -6.8410709374910738e-03, 9.8034129402953929e-01,
          1.9719063610860668e-01, 2.4049626523154970e+00,
          6.0928982204349072e-02, 1.9723750954422536e-01,
          -9.7846053776140285e-01, 3.8329537645360534e+02, 0., 0., 0.,
          1. ]
