%YAML:1.0
---
object_0:
   poses: !!opencv-matrix
      rows: 6
      cols: 47
      dt: d
      data: [ 1.1544712954076779e+00, 8.4801661063225253e-01,
          4.7491219570703697e-01, 6.0357146566281383e-01,
          8.9936398053139577e-01, 1.0583903752215491e+00,
          1.4228575025633625e+00, 1.7830048339814226e+00,
          1.3198863307602524e+00, 8.2412180085491149e-01,
          1.7658547115584875e+00, 1.4321047317930911e+00,
          1.5998773963674928e+00, 1.6485608452117895e+00,
          1.6248795036996599e+00, 1.4489953031428360e+00,
          1.5985202592189702e+00, 1.5627258145483036e+00,
          1.2860249794336363e+00, 1.6446107174044233e+00,
          1.5830034058432205e+00, 1.5251319058779780e+00,
          1.0109335542053286e+00, 1.2300767675444393e+00,
          1.4268237000748074e+00, 1.1466523697995235e+00,
          1.6334802348341879e+00, 1.5259890519475210e+00,
          9.7403384629568857e-01, 1.1432292823582371e+00,
          3.1837206474631974e-01, 5.9349226956908896e-01,
          1.5712507800892088e+00, 1.4924758266526286e+00,
          1.3665138682719746e+00, 1.1607106200903747e+00,
          1.1187726616474205e+00, 1.2072699052289351e+00,
          1.5892809657557088e+00, -4.2004393814210859e-02,
          1.2252716345840371e+00, 1.1990525116607229e+00,
          1.0928172533816396e+00, 6.8184785775680012e-01,
          1.6461779737734745e+00, 1.6091808177447549e+00,
          1.4849711767740688e+00, 1.2492197843288264e+00,
          1.6028613508921179e+00, 1.9811406472634179e+00,
          1.7747028990778917e+00, 1.7046612607512326e+00,
          1.1798236559755404e+00, 1.4543974028947835e+00,
          1.1773488279049049e+00, 1.0003053357894867e+00,
          1.5296078198729837e+00, -1.4885261165624175e+00,
          -1.0201192460628727e+00, -7.7332009188808049e-01,
          4.7136182665357168e-01, 9.1432274799948354e-01,
          7.7891248826677251e-01, 2.7966247927469240e-01,
          -1.1314385307135567e-01, -1.3447566418883703e+00,
          -1.0836462152639577e+00, -9.0581532955621680e-01,
          -1.3372032083734446e+00, -1.9864595386838682e+00,
          -1.2649358807793560e+00, -8.9170752231929529e-01,
          -1.1681838412608745e+00, -1.7712531219775560e+00,
          -8.5491602216327911e-01, -1.6433586867003112e+00,
          -1.2284077036782137e+00, -2.0052772575955919e+00,
          1.9606142897018557e+00, -1.3160640285554262e-01,
          8.4983322238222281e-01, 1.1524847647149499e+00,
          1.8158314963509119e+00, 1.3730579602357915e+00,
          1.1951370437151401e+00, 5.1800440818842552e-01,
          2.2870742059182043e+00, 1.1911588082320099e+00,
          1.1994315111666514e+00, -1.4584676703456476e+00,
          1.8837261941512562e+00, -7.7245552090142378e-01,
          5.3940261005958179e-01, -1.3176039464377303e+00,
          -1.2646352093614459e+00, -1.6364135713324413e+00,
          -1.8996143858008823e+00, -1.8331385536088352e+00,
          -1.5219202431248959e+00, -1.3384662159278029e+00,
          -9.6368435026271970e-01, -6.3534571176785326e-01,
          -8.9830622818415284e-01, -1.7009452740330757e+00,
          7.2388263647297058e-01, 9.3334432910977372e-01,
          6.6772713277189699e-01, -4.0982776534062632e-01,
          -7.2011362228703291e-01, -6.9452628495136182e-01,
          -2.0918889812698535e-01, 1.4283728530637008e-01,
          1.1900447486997121e+00, 8.3861015946159412e-01,
          7.7020243070094774e-01, 1.0549182087153566e+00,
          1.3202991400781325e+00, 1.2273355672829900e+00,
          8.6692179231374977e-01, 1.3293893239304178e+00,
          1.0113954813890162e+00, 7.9559472209111715e-01,
          1.5317739316329262e+00, 1.3269946554521042e+00,
          2.0839121450024356e+00, -1.8437757006044053e+00,
          1.2415498421607184e-01, -7.4889779066667961e-01,
          -9.8968332268246895e-01, -1.1727060625163064e+00,
          -1.3411801955523577e+00, -1.1602903833107134e+00,
          -4.1451257117984414e-01, -2.1054463699482469e+00,
          -1.1966066181236397e+00, -1.2101479610637380e+00,
          1.5513337836828078e+00, -1.7590007145376725e+00,
          7.9327505445712743e-01, -5.1073294032055316e-01,
          1.0809339001858560e+00, -2.6212928593123161e+02,
          4.8209961616081124e+01, 2.7247101062516197e+02,
          1.5112735115425943e+02, 2.8474120478013443e+01,
          -6.5413301139807743e+01, -1.0082184951714092e+02,
          -1.1466672611687915e+02, -5.9844167993811723e+01,
          4.3200950180212629e+01, 7.9232930738662022e+00,
          2.0056798077363105e+01, 8.5860821200677400e+00,
          3.1417296324434531e+01, 2.3440293282804220e+01,
          7.2122233634041720e+01, 1.8620527368676207e+02,
          2.6877966582748155e+02, 5.7551618877316592e+01,
          1.0756548619654238e+02, 4.2533766924797607e+02,
          4.0687992695059029e+02, 2.7985651738537052e+02,
          4.6219003281069212e+02, 4.4456124377727764e+02,
          4.6761504376798001e+02, 4.3547171660048411e+02,
          3.0416291829353725e+02, 4.9866953320516649e+02,
          4.9180058350963435e+02, 3.8359140982704247e+02,
          1.1683757259493233e+02, -2.8298753944142317e+02,
          -4.5844653266911672e+02, -4.6121421310734269e+02,
          -3.6740862028867485e+02, -4.4955265233841050e+02,
          -4.7231684820613123e+02, -4.5718333263409750e+02,
          4.0052388429406511e+02, -2.3152755448415579e+02,
          -2.3087189006799355e+02, 1.2050544543828204e+02,
          -1.3059399865638721e+02, 2.9063817132876585e+02,
          -1.0142841517525170e+02, 2.0640157288249574e+02,
          1.5017154837475616e+02, 1.5553777191176704e+02,
          1.2770328370992576e+02, 1.6660526059080655e+02,
          1.0559486348969374e+02, 1.7966749067145076e+02,
          2.7781626255613524e+01, 1.7302959380908913e+01,
          1.3512235003555287e+02, 1.5773380405494393e+02,
          5.4320229771372333e+01, 1.2934004875328208e+02,
          1.3176872773997664e+02, 9.1623015463471106e+01,
          1.3408148127316252e+02, 1.4644699849907477e+02,
          1.5709491041423951e+02, 1.4670417934221322e+02,
          1.0414097212498430e+02, 5.7194490827931020e+01,
          1.1441200300353006e+02, 5.8512564630835342e+01,
          -7.1908773961173992e+01, 1.3258806779712219e+02,
          1.4209440939923221e+02, 1.7244068278132798e+02,
          2.1972371178984449e+01, 1.7711688018615141e+02,
          1.3835772599639927e+02, 1.4761952864169686e+02,
          1.5668829507072221e+02, 1.0995951304408551e+02,
          1.4399150677533848e+02, 1.1642478997782773e+02,
          1.0019112335814587e+02, -4.8825188742599714e+01,
          1.3387137820066462e+02, 1.2892736218183001e+02,
          1.2596307341350955e+02, 1.2883043199658110e+02,
          1.3707726587733507e+02, 1.4432175235695070e+02,
          8.3208571019288911e+01, 1.4252375346723755e+02,
          1.8456995753320007e+02, 1.9509794949934843e+02,
          1.9701603393685878e+02, 5.5508210534845148e+02,
          5.6942542657806086e+02, 4.8343051808882797e+02,
          4.3433241327774886e+02, 3.7382299725090593e+02,
          2.6092128617010422e+02, 2.9809350871373476e+02,
          2.1990034199843143e+02, 1.2245477944532243e+02,
          1.0703533479392783e+02, 1.4635591805146652e+02,
          9.0382296309007316e+01, 4.1513222769207850e+01,
          -5.4241605946612758e+01, 8.0414608562522325e+00,
          -1.2455560389624138e+02, -1.1350252936930377e+02,
          -7.1643176507855785e+01, 2.4227599489486528e+02,
          2.7721500248451764e+02, 1.6877724221314335e+02,
          3.3932786571985520e+02, 5.0020615339835274e+02,
          2.5010027134057822e+02, -5.0362860083207067e+01,
          9.0386578039062414e+01, 2.5967012376608903e+02,
          -2.2863369487484198e+02, 8.8489829038259245e+01,
          -1.4284506929713737e+02, 3.3324865742193833e+02,
          4.5339241721513059e+02, -2.7993391483522117e+02,
          1.4733321638161590e+02, 2.1761483642477856e+02,
