%YAML:1.0
---
object_0:
   poses: !!opencv-matrix
      rows: 6
      cols: 47
      dt: d
      data: [ -1.1984401007347885e+00, -9.0070538308883774e-01,
          -5.0872004866988585e-01, -7.1137836097718421e-01,
          -8.7193104961449663e-01, -1.2626721437782720e+00,
          -1.0141982870168640e+00, -9.7925137464530643e-01,
          -1.3845314978294805e+00, -8.9757073421242639e-01,
          -8.0561844179586217e-01, -1.2580753036056973e+00,
          -1.3046378910434813e+00, -1.3194338403837989e+00,
          -1.2148817410098214e+00, -1.4373984898520631e+00,
          -1.5285309760813603e+00, -1.5845206195766939e+00,
          -1.0765873200637930e+00, -1.0772587541061698e+00,
          -1.2391503701209399e+00, -9.5795087621933683e-01,
          -6.9246458973415848e-01, -1.1478086343010621e+00,
          -1.3474233107141245e+00, -1.2115081115549986e+00,
          -6.0487198732705250e-01, -1.3159733665238280e+00,
          -8.6549445454431073e-01, -1.1750050956454559e+00,
          -3.5122587957110329e-01, -5.3720325012412529e-01,
          -1.5634518927415051e+00, -1.3516453269648232e+00,
          -1.2265167861710373e+00, -8.4122168562445054e-01,
          -1.1038770271550524e+00, -1.2525239783640509e+00,
          -1.4551557842600742e+00, 5.6934410566976547e-02,
          -1.1601946564771335e+00, -1.2006173713652732e+00,
          -1.0258277880525610e+00, -6.0100035255148931e-01,
          -1.4172873341326562e+00, -1.4120124550327351e+00,
          -1.0672651960689794e+00, 1.2714778457210609e+00,
          1.6460956114522365e+00, 1.9081110282931326e+00,
          1.8663901031698871e+00, 1.5181995363081104e+00,
          1.3830101136173751e+00, 9.0639565953887247e-01,
          5.6592612597377689e-01, 8.9921332208378790e-01,
          1.7564760985811454e+00, -6.5667705032281998e-01,
          -9.1123693930230210e-01, -6.4249433288394320e-01,
          3.6705914635078662e-01, 6.7742038180248210e-01,
          6.8561798732659407e-01, 2.1525865461028856e-01,
          -9.8844299009095138e-02, -1.1548467149969863e+00,
          -7.7778870688551605e-01, -7.3426083578461498e-01,
          -9.7195945933079153e-01, -1.2570481755025467e+00,
          -1.2141856819583152e+00, -8.5829188003121870e-01,
          -1.3412735091657850e+00, -8.6395649971068600e-01,
          -7.6243685484943713e-01, -1.5085318549769975e+00,
          -1.3362301546840909e+00, -2.0992019665008188e+00,
          1.8228691732302580e+00, -1.2502528088960396e-01,
          7.3465191672027641e-01, 9.7053882292017368e-01,
          1.1129934696003432e+00, 1.3344692457215142e+00,
          1.1641064700739252e+00, 4.0378140393537687e-01,
          -2.1156370456786893e+00, 1.2268676456652126e+00,
          1.2912926607935440e+00, -1.4685606805071996e+00,
          1.7919289002818199e+00, -8.5908008583276252e-01,
          6.6780782223936219e-01, -1.0680436513474310e+00,
          1.2551936811535147e+00, 1.6153665504700354e+00,
          1.9874566803604830e+00, 1.8036873822052111e+00,
          1.6959491900100592e+00, 1.2245735200561723e+00,
          1.3715576554060454e+00, 1.0527953821676022e+00,
          1.0096389731499777e+00, 1.5382629317058238e+00,
          -1.2927779524863936e+00, -9.9888511168127248e-01,
          -7.4545553539922016e-01, 4.4835791269700309e-01,
          8.6305516549329375e-01, 7.7763752362059579e-01,
          2.6972433333606044e-01, -7.3405291864334116e-02,
          -1.3056069221780986e+00, -9.9912717291200748e-01,
          -8.6774136797421775e-01, -1.2344545787553940e+00,
          -1.8924525548713698e+00, -1.2552028022971464e+00,
          -8.8647797019418817e-01, -1.1811982237688727e+00,
          -1.5187532834551092e+00, -8.1325734476918388e-01,
          -1.6196970907464936e+00, -1.2391945527414272e+00,
          -1.9948052110310630e+00, 1.9341852938270316e+00,
          -1.3664945859103966e-01, 8.3036529962518757e-01,
          1.1270183018604398e+00, 1.7236112220259907e+00,
          1.3660422446089155e+00, 1.1966554312904072e+00,
          5.0391791398689223e-01, -2.2893013773353439e+00,
          1.2413221558600351e+00, 1.2224967147504429e+00,
          -1.4394480340993072e+00, 1.8685288046125752e+00,
          -8.1337642133684729e-01, 6.8060756465575789e-01,
          -1.2955843447655668e+00, -1.9850044041784437e+02,
          1.0594497880037876e+02, 3.0955292678215392e+02,
          1.9813977323434486e+02, 8.7211253094734985e+01,
          -1.3144485259314156e+00, -3.5203096392500846e+01,
          -5.7455479508314852e+01, 4.8966461188204073e+00,
          1.0249716669831831e+02, -5.7400634395108270e+01,
          -4.3718681170898861e+01, -4.6390928633168670e+01,
          6.4433645383721270e+01, 8.1376141997109713e+01,
          1.2954833536868597e+02, 2.0378062295492822e+02,
          2.2462985765410477e+02, -8.0407668660540974e+00,
          4.3672774377103593e+01, 3.6641857389278385e+02,
          3.4310887565415010e+02, 2.3175913120604056e+02,
          3.9907368101452334e+02, 3.8417126782976680e+02,
          4.0325231475751087e+02, 3.7418349101841005e+02,
          2.3514924223263151e+02, 4.4661983674415490e+02,
          4.2972571998208502e+02, 3.6698423900066757e+02,
          1.5801450180910967e+02, -2.9985589050637390e+02,
          -4.0971238929783647e+02, -4.0128650441189029e+02,
          -3.0646947290486020e+02, -3.8638862844490211e+02,
          -4.0845123765014262e+02, -4.2874275490198664e+02,
          4.0825801763257147e+02, -1.9643388279262538e+02,
          -1.9619359376049638e+02, 6.6073797555152126e+01,
          -1.0365573859448217e+02, 2.9481730714617686e+02,
          -1.7632101087307086e+02, 2.0887798571283270e+02,
          1.5178152040551959e+02, 1.5674895070626425e+02,
          1.3134527945577497e+02, 1.6711909635258542e+02,
          1.1120517818878898e+02, 1.8204268798443516e+02,
          2.9494300728569261e+01, 4.1422703302276833e+00,
          1.4159284934207574e+02, 1.5182986859231153e+02,
          5.0771537270236024e+01, 1.2853073835337514e+02,
          1.2627846261621815e+02, 1.2176317256230989e+02,
          1.2658325182632606e+02, 1.5007730359482224e+02,
          1.4860849648409732e+02, 1.4254047172044918e+02,
          1.0526244234691909e+02, 4.9062443995417262e+01,
          1.0855302552375208e+02, 5.5493379107701884e+01,
          -5.4101113094446859e+01, 1.3276385420132158e+02,
          1.4192916141179609e+02, 1.6781534966645782e+02,
          2.6053748730081939e+01, 1.6688540530400169e+02,
          1.4169640233860895e+02, 1.4605229680212946e+02,
          1.5302333690276279e+02, 1.1355389466431618e+02,
          1.4494386721196335e+02, 1.1494981914955184e+02,
          1.0090324048487918e+02, -3.8567619846451123e+01,
          1.3386559003772553e+02, 1.3124309851270570e+02,
          1.2246589685296429e+02, 1.3503385156298253e+02,
          1.4576142655674235e+02, 1.3003545456035476e+02,
          8.4320355045968952e+01, 1.4472648560548424e+02,
          8.5836146330909244e+01, 1.5859574370246386e+02,
          1.5882159315157355e+02, 5.6066321830024231e+02,
          5.4209568860011086e+02, 4.3093379183077798e+02,
          3.9014861894736890e+02, 3.4562864319291674e+02,
          2.6406558091033861e+02, 3.0675581724501558e+02,
          2.5099879259146923e+02, 1.4745998092552435e+02,
          7.9046934252680131e+01, 1.4774670869436247e+02,
          1.0731240851598749e+02, 7.7033502225399459e+01,
          7.1466306795258532e+01, 4.4077706702824180e+01,
          -8.4813152089584648e+01, -3.7081122351384550e+01,
          -1.0778108666493658e+01, 2.3436595234758286e+02,
          2.9482821081192270e+02, 1.9343373950414983e+02,
          3.3645729640984933e+02, 4.6264253919648644e+02,
          2.4198412799787704e+02, -2.8063241061122401e+01,
          8.3086181068140533e+01, 2.4263171392996026e+02,
          -2.0265002391781999e+02, 5.2351137084709727e+01,
          -1.5478908234163748e+02, 2.6799916487173272e+02,
          4.0464025584353112e+02, -2.1850148154111363e+02,
