%YAML:1.0
---
nb_camera: 8
camera_0:
   camera_matrix: !!opencv-matrix
      rows: 3
      cols: 3
      dt: d
      data: [ 2.3389839585515156e+03, 0., 1.6166272433673550e+03, 0.,
          2.3440205641621756e+03, 1.0464683947554645e+03, 0., 0., 1. ]
   distortion_vector: !!opencv-matrix
      rows: 1
      cols: 5
      dt: d
      data: [ -2.4444049433247930e-01, 6.6519398208932035e-01,
          -1.1106160173020485e-02, -6.5374146059894150e-03,
          -6.4929278849922134e-01 ]
   distortion_type: 0
   camera_group: 0
   img_width: 3360
   img_height: 2240
   camera_pose_matrix: !!opencv-matrix
      rows: 4
      cols: 4
      dt: d
      data: [ 1., 0., 0., 0., 0., 1., 0., 0., 0., 0., 1., 0., 0., 0., 0.,
          1. ]
camera_1:
   camera_matrix: !!opencv-matrix
      rows: 3
      cols: 3
      dt: d
      data: [ 1.7418520091707887e+03, 0., 9.4381659644815522e+02, 0.,
          1.7952503636995032e+03, 5.6766793673284519e+02, 0., 0., 1. ]
   distortion_vector: !!opencv-matrix
      rows: 1
      cols: 5
      dt: d
      data: [ -4.3497073038904410e-01, 5.4109283567002353e-01,
          1.7350189527103577e-03, -1.8493847075309051e-03,
          -5.1687377411348601e-01 ]
   distortion_type: 0
   camera_group: 0
   img_width: 1920
   img_height: 1080
   camera_pose_matrix: !!opencv-matrix
      rows: 4
      cols: 4
      dt: d
      data: [ 9.9954485540332672e-01, -2.4708032134266106e-02,
          1.7308818122415290e-02, 1.3169756232770181e+01,
          2.2968950042024924e-02, 9.9527562286606741e-01,
          9.4333779011170141e-02, 3.9477992025491432e+01,
          -1.9557846781017126e-02, -9.3893278122629181e-02,
          9.9539014609984811e-01, 6.5298160489581869e+02, 0., 0., 0., 1. ]
camera_2:
   camera_matrix: !!opencv-matrix
      rows: 3
      cols: 3
      dt: d
      data: [ 1.1700507043591153e+03, 0., 9.4397584842844685e+02, 0.,
          1.2149670326700605e+03, 5.2561883114755028e+02, 0., 0., 1. ]
   distortion_vector: !!opencv-matrix
      rows: 1
      cols: 5
      dt: d
      data: [ -4.2746950420357982e-01, 1.8030413417993671e-01,
          5.9696379270718046e-03, 1.7393573738207126e-03,
          -1.7067010232945969e-02 ]
   distortion_type: 0
   camera_group: 0
   img_width: 1920
   img_height: 1080
   camera_pose_matrix: !!opencv-matrix
      rows: 4
      cols: 4
      dt: d
      data: [ 9.9961849680742421e-01, -2.0883773739980151e-02,
          1.8075642031283749e-02, 1.2586376568222548e+01,
          2.1017192862144294e-02, 9.9975302306051739e-01,
          -7.2229139239119557e-03, 4.3719495416132261e+01,
          -1.7920336064405348e-02, 7.6000576138688380e-03,
          9.9981053239081474e-01, 6.2463584176793893e+02, 0., 0., 0., 1. ]
camera_3:
   camera_matrix: !!opencv-matrix
      rows: 3
      cols: 3
      dt: d
      data: [ 1.1842131253965356e+03, 0., 9.6891603959099552e+02, 0.,
          1.2150923558395782e+03, 6.1096765704226812e+02, 0., 0., 1. ]
   distortion_vector: !!opencv-matrix
      rows: 1
      cols: 5
      dt: d
      data: [ -3.8208838938672618e-01, 1.9335863810726214e-01,
          -7.7839924861432003e-03, -2.2011342070142074e-03,
          -5.3008136726755778e-02 ]
   distortion_type: 0
   camera_group: 0
   img_width: 1920
   img_height: 1080
   camera_pose_matrix: !!opencv-matrix
      rows: 4
      cols: 4
      dt: d
      data: [ -9.0915429990403129e-01, 2.0018136812456389e-02,
          -4.1597804408955075e-01, -7.4961491332697008e+01,
          2.2890727199117094e-02, 9.9973613081087087e-01,
          -1.9192080674041690e-03, 8.7373891873462597e+01,
          4.1582986133069627e-01, -1.1266896194967216e-02,
          -9.0937263180493078e-01, 6.4681446223103308e+02, 0., 0., 0.,
          1. ]
camera_4:
   camera_matrix: !!opencv-matrix
      rows: 3
      cols: 3
      dt: d
      data: [ 9.7679424932389770e+02, 0., 9.0991819954701532e+02, 0.,
          1.0368162166743302e+03, 5.4808234097650950e+02, 0., 0., 1. ]
   distortion_vector: !!opencv-matrix
      rows: 1
      cols: 5
      dt: d
      data: [ -2.0166725158377558e-01, -6.1989018693316807e-02,
          -3.4049766054242961e-05, 1.4988846970478597e-02,
          4.5965428727779055e-02 ]
   distortion_type: 0
   camera_group: 0
   img_width: 1920
   img_height: 1080
   camera_pose_matrix: !!opencv-matrix
      rows: 4
      cols: 4
      dt: d
      data: [ 6.9168661311858526e-01, 2.0889930221404580e-02,
          -7.2189558805126752e-01, -7.7292636853948565e+01,
          5.4306807761651144e-02, 9.9524699690400886e-01,
          8.0834310687297878e-02, 2.9055445568334612e+01,
          7.2015303919603046e-01, -9.5115855507356822e-02,
          6.8726455908028872e-01, 6.0271387888714708e+02, 0., 0., 0., 1. ]
camera_5:
   camera_matrix: !!opencv-matrix
      rows: 3
      cols: 3
      dt: d
      data: [ 1.3463161097204090e+03, 0., 8.4243015946473747e+02, 0.,
          1.2767084440478491e+03, 5.1876362711063655e+02, 0., 0., 1. ]
   distortion_vector: !!opencv-matrix
      rows: 1
      cols: 5
      dt: d
      data: [ -2.6045703677868537e-01, -2.5933128037922765e-01,
          -1.9215407523333862e-04, 3.0530561786564093e-03,
          3.5386589594736806e-01 ]
   distortion_type: 0
   camera_group: 0
   img_width: 1920
   img_height: 1080
   camera_pose_matrix: !!opencv-matrix
      rows: 4
      cols: 4
      dt: d
      data: [ -9.0932693619966587e-01, -2.7635628606834300e-02,
          4.1516357635663770e-01, 1.1299624341836636e+02,
          -5.8275704637817803e-02, 9.9641588191751040e-01,
          -6.1313395856994218e-02, 9.0424090774739284e+01,
          -4.1198114683889903e-01, -7.9947872354777377e-02,
          -9.0767828681490992e-01, 6.7423074304941053e+02, 0., 0., 0.,
          1. ]
camera_6:
   camera_matrix: !!opencv-matrix
      rows: 3
      cols: 3
      dt: d
      data: [ 6.0051951913986086e+03, 0., 1.0258622477949555e+03, 0.,
          7.0200806262159949e+03, 5.7191535293339052e+02, 0., 0., 1. ]
   distortion_vector: !!opencv-matrix
      rows: 1
      cols: 5
      dt: d
      data: [ 1.5575848969424757e+02, -1.7988928464566812e+04,
          3.3720863244590327e-01, 4.1893351066470252e-01,
          2.3173866430390139e+04 ]
   distortion_type: 0
   camera_group: 0
   img_width: 1920
   img_height: 1080
   camera_pose_matrix: !!opencv-matrix
      rows: 4
      cols: 4
      dt: d
      data: [ 6.3348592809501314e-01, -8.4462533961421407e-02,
          7.6913045659524870e-01, -1.2601451559313107e+03,
          9.9624768939286551e-04, 9.9411247096021571e-01,
          1.0834852362591647e-01, -1.5772811319911224e+02,
          -7.7375356955308539e-01, -6.7871020606663460e-02,
          6.2984040690135834e-01, -5.0100795427892206e+02, 0., 0., 0.,
          1. ]
camera_7:
   camera_matrix: !!opencv-matrix
      rows: 3
      cols: 3
      dt: d
      data: [ 1.2140386541715864e+03, 0., 9.6441740835033909e+02, 0.,
          1.2094824628480485e+03, 5.3821366144192007e+02, 0., 0., 1. ]
   distortion_vector: !!opencv-matrix
      rows: 1
      cols: 5
      dt: d
      data: [ -3.8377325187415628e-01, 1.5087609626708609e-01,
          2.8307119128173274e-03, 1.9893427265779299e-04,
          -2.9833797396015688e-02 ]
   distortion_type: 0
   camera_group: 0
   img_width: 1920
   img_height: 1080
   camera_pose_matrix: !!opencv-matrix
      rows: 4
      cols: 4
      dt: d
      data: [ -9.9724431950074954e-01, 4.8937252517063067e-03,
          -7.4025797372591157e-02, 8.3977041101852308e+00,
          -4.2490078099903525e-03, 9.9241641694060356e-01,
          1.2284787877454798e-01, 2.7664453175956734e+01,
          7.4065600356155545e-02, 1.2282388546181155e-01,
          -9.8966084089648920e-01, 3.8696143784090157e+02, 0., 0., 0.,
          1. ]
