%YAML:1.0
---
nb_camera: 8
camera_0:
   camera_matrix: !!opencv-matrix
      rows: 3
      cols: 3
      dt: d
      data: [ 1.2894067198379421e+03, 0., 8.1229900334096533e+02, 0.,
          1.2897729861823441e+03, 5.4023444869404693e+02, 0., 0., 1. ]
   distortion_vector: !!opencv-matrix
      rows: 1
      cols: 5
      dt: d
      data: [ -1.9218900445244179e-02, 2.5751122313315875e-02,
          -5.6051748121894139e-04, -3.9610293387107060e-04,
          -2.2937241541142558e-02 ]
   distortion_type: 0
   camera_group: 0
   img_width: 1616
   img_height: 1080
   camera_pose_matrix: !!opencv-matrix
      rows: 4
      cols: 4
      dt: d
      data: [ 1., 0., 0., 0., 0., 1., 0., 0., 0., 0., 1., 0., 0., 0., 0.,
          1. ]
camera_1:
   camera_matrix: !!opencv-matrix
      rows: 3
      cols: 3
      dt: d
      data: [1.58669962e+03, 0.00000000e+00, 9.95018986e+02,
            0.00000000e+00, 1.58457901e+03, 6.26714714e+02,
            0.00000000e+00, 0.00000000e+00, 1.00000000e+00]
   distortion_vector: !!opencv-matrix
      rows: 1
      cols: 5
      dt: d
      data: [-0.50895333, 0.4813409, -0.00563293, 0.00665244, -0.64036616]
   distortion_type: 0
   camera_group: 0
   img_width: 1920
   img_height: 1208
   camera_pose_matrix: !!opencv-matrix
      rows: 4
      cols: 4
      dt: d
      data: [ -5.1311056306412894e-01, -3.0263580068211421e-01,
          -8.0319930416896435e-01, 2.4227696980660745e+00,
          -2.3532363372577247e-01, 9.4952255384163986e-01,
          -2.0743603147994433e-01, 8.0952913187011100e-01,
          8.2543342401559616e-01, 8.2574159950590073e-02,
          -5.5842740855579720e-01, 1.8563196961979263e+00, 0., 0., 0.,
          1. ]
camera_2:
   camera_matrix: !!opencv-matrix
      rows: 3
      cols: 3
      dt: d
      data: [1.58669962e+03, 0.00000000e+00, 9.95018986e+02,
            0.00000000e+00, 1.58457901e+03, 6.26714714e+02,
            0.00000000e+00, 0.00000000e+00, 1.00000000e+00]
   distortion_vector: !!opencv-matrix
      rows: 1
      cols: 5
      dt: d
      data: [-0.50895333, 0.4813409, -0.00563293, 0.00665244, -0.64036616]
   distortion_type: 0
   camera_group: 0
   img_width: 1920
   img_height: 1208
   camera_pose_matrix: !!opencv-matrix
      rows: 4
      cols: 4
      dt: d
      data: [ -5.0503678649365402e-01, -6.6610405212679621e-02,
          -8.6052361862157256e-01, 7.2952227733941066e-01,
          -2.3838568420395631e-01, 9.6899960805288632e-01,
          6.4900116794686866e-02, -8.0098351021057584e-02,
          8.2952402608651110e-01, 2.3791345802781944e-01,
          -5.0525941518636752e-01, 5.2394121825774009e-01, 0., 0., 0.,
          1. ]
camera_3:
   camera_matrix: !!opencv-matrix
      rows: 3
      cols: 3
      dt: d
      data: [953.24210038, 0., 970.78636662,
            0., 952.99197116, 633.71925232,
            0., 0., 1.]
   distortion_vector: !!opencv-matrix
      rows: 1
      cols: 5
      dt: d
      data: [-3.63365987e-01, 1.10977470e-01, -2.33570071e-05, -1.89270674e-05, 1.01852504e-01]
   distortion_type: 0
   camera_group: 0
   img_width: 1920
   img_height: 1208
   camera_pose_matrix: !!opencv-matrix
      rows: 4
      cols: 4
      dt: d
      data: [ -9.9957402825208042e-01, -2.9001139864830723e-02,
          3.2704633386358420e-03, 2.6190386823522255e-01,
          -2.7428206483703654e-02, 9.7178067323372330e-01,
          2.3428618529161735e-01, -1.0336467702237066e-01,
          -9.9727394930455918e-03, 2.3409668305200584e-01,
          -9.7216217137422722e-01, 1.5673106918368684e-01, 0., 0., 0.,
          1. ]
camera_4:
   camera_matrix: !!opencv-matrix
      rows: 3
      cols: 3
      dt: d
      data: [953.24210038, 0., 970.78636662,
            0., 952.99197116, 633.71925232,
            0., 0., 1.]
   distortion_vector: !!opencv-matrix
      rows: 1
      cols: 5
      dt: d
      data: [-3.63365987e-01, 1.10977470e-01, -2.33570071e-05, -1.89270674e-05, 1.01852504e-01]
   distortion_type: 0
   camera_group: 0
   img_width: 1920
   img_height: 1208
   camera_pose_matrix: !!opencv-matrix
      rows: 4
      cols: 4
      dt: d
      data: [ 4.9736730907546911e-01, -3.5599552143194178e-02,
          -8.6680933990712794e-01, 5.8406759550670297e-02,
          -2.0517008849370938e-01, 9.6598719857743798e-01,
          -1.5739748083116581e-01, -2.0208617040195995e-01,
          8.4293000578370114e-01, 2.5612771047217386e-01,
          4.7314649029425548e-01, 3.9491638559775516e-01, 0., 0., 0., 1. ]
camera_5:
   camera_matrix: !!opencv-matrix
      rows: 3
      cols: 3
      dt: d
      data: [1.58669962e+03, 0.00000000e+00, 9.95018986e+02,
            0.00000000e+00, 1.58457901e+03, 6.26714714e+02,
            0.00000000e+00, 0.00000000e+00, 1.00000000e+00]
   distortion_vector: !!opencv-matrix
      rows: 1
      cols: 5
      dt: d
      data: [-0.50895333, 0.4813409, -0.00563293, 0.00665244, -0.64036616]
   distortion_type: 0
   camera_group: 0
   img_width: 1920
   img_height: 1208
   camera_pose_matrix: !!opencv-matrix
      rows: 4
      cols: 4
      dt: d
      data: [ 4.9650924853904516e-01, -3.8669683163086960e-03,
          8.6802281805908388e-01, 2.8485264999828486e-01,
          2.5104412005039117e-01, 9.5789561799022105e-01,
          -1.3932994948415550e-01, -7.9727812531078551e-02,
          -8.3093646923415110e-01, 2.8709063306066468e-01,
          4.7657481312539945e-01, 3.1614355278381018e-01, 0., 0., 0., 1. ]
camera_6:
   camera_matrix: !!opencv-matrix
      rows: 3
      cols: 3
      dt: d
      data: [953.24210038, 0., 970.78636662,
            0., 952.99197116, 633.71925232,
            0., 0., 1.]
   distortion_vector: !!opencv-matrix
      rows: 1
      cols: 5
      dt: d
      data: [-3.63365987e-01, 1.10977470e-01, -2.33570071e-05, -1.89270674e-05, 1.01852504e-01]
   distortion_type: 0
   camera_group: 0
   img_width: 1920
   img_height: 1208
   camera_pose_matrix: !!opencv-matrix
      rows: 4
      cols: 4
      dt: d
      data: [ -6.4988071912754819e-01, -3.0894983161149264e-01,
          6.9440985912751207e-01, -4.6692456093319401e-02,
          2.6678207965188538e-01, 7.6279088498743564e-01,
          5.8904786542071408e-01, -3.9305845363480590e-01,
          -7.1167574982071413e-01, 5.6806695672897134e-01,
          -4.1330081029415983e-01, 2.8015683623638638e-01, 0., 0., 0.,
          1. ]
camera_7:
   camera_matrix: !!opencv-matrix
      rows: 3
      cols: 3
      dt: d
      data: [953.24210038, 0., 970.78636662,
            0., 952.99197116, 633.71925232,
            0., 0., 1.]
   distortion_vector: !!opencv-matrix
      rows: 1
      cols: 5
      dt: d
      data: [-3.63365987e-01, 1.10977470e-01, -2.33570071e-05, -1.89270674e-05, 1.01852504e-01]
   distortion_type: 0
   camera_group: 0
   img_width: 1920
   img_height: 1208
   camera_pose_matrix: !!opencv-matrix
      rows: 4
      cols: 4
      dt: d
      data: [ 9.9180806637579200e-01, 1.2666102545775931e-01,
          1.6545213866901529e-02, 1.5367674646776466e-01,
          -1.2709164280169957e-01, 9.9148827154096975e-01,
          2.8261665320104795e-02, -1.7644326417656378e-01,
          -1.2824733988581428e-02, -3.0132906044542881e-02,
          9.9946362323569982e-01, 3.8124453383676898e-01, 0., 0., 0., 1. ]
