%YAML:1.0
---
object_0:
   poses: !!opencv-matrix
      rows: 6
      cols: 56
      dt: d
      data: [ -1.2627155343713181e+00, -1.2271693276760829e+00,
          -1.5144533793289490e+00, -1.5492599566804612e+00,
          -1.2968510616535993e+00, -1.1714830989569758e+00,
          -1.1729243891805947e+00, -6.5639954917871235e-01,
          -4.5971423856132454e-01, -3.9898486957295537e-01,
          -5.4712751508583068e-01, -1.1316906784560606e-01,
          -1.3173363233696100e-01, -4.0097317085617298e-02,
          -7.9705448910975041e-01, -7.6428779044686468e-01,
          -1.0160220864396288e+00, -1.3767915675321403e+00,
          -1.1102111392379581e+00, -9.8853324932100051e-01,
          -9.8751004597549552e-01, -8.7087936031176583e-01,
          -3.1997843452144620e-01, -1.4157258349182087e+00,
          -1.4283609007559639e+00, -1.4455455855394121e+00,
          -1.3066614057581152e+00, -1.2705274157304394e+00,
          -1.1481442144047846e+00, -1.1066077769012037e+00,
          -1.1832905259775948e+00, -1.1103170649707164e+00,
          -1.1764666370206927e+00, -1.2740674920433281e+00,
          -1.2979328760636974e+00, -1.3878717974466757e+00,
          -7.9591306576699428e-01, -1.1253890129787925e+00,
          -1.2082682535064082e+00, -6.0918424255759551e-01,
          -1.4767841761316165e+00, -1.4223093007359706e+00,
          -1.2536907140982363e+00, -1.1809197328814374e+00,
          -8.9570498529965914e-01, -8.8560589440181570e-01,
          -2.3289840282913618e-01, -1.6802901004658091e-01,
          -1.1580423859003559e+00, -1.1905643167214179e+00,
          -1.1655038618953371e+00, -4.8438601082041038e-01,
          -1.5370777629141903e+00, -1.1805462966785027e+00,
          -3.7569817701563518e-01, -1.2089626489697303e+00,
          -3.5813996342324561e-01, 1.5024738204813537e-01,
          -1.8625475737861105e-01, -1.5884544218457475e-01,
          -1.2470706784656702e-02, -6.5670728285644631e-01,
          -6.7227953070640956e-01, -1.4202520512618708e+00,
          -1.6558411857725888e+00, 1.7043742110455693e+00,
          1.4961906412052561e+00, -1.7404986067648858e+00,
          2.1474104241092120e+00, 2.2413115239625254e+00,
          1.4136845569442302e+00, 1.4123206567509492e+00,
          1.4179928914784676e+00, 7.5506012187116267e-01,
          1.3807670945406356e+00, 1.4338885185151911e+00,
          1.5024075602902707e+00, 1.5477683410628493e+00,
          1.7493712208319885e+00, 7.2002254263836618e-01,
          6.0536558504263427e-01, 2.6417379884931103e-01,
          6.9721659600575281e-01, -2.8508713335725511e-01,
          -4.7980237015631433e-01, -6.1197969752028125e-01,
          4.7876450547985949e-01, 6.5268147837792934e-01,
          -5.0633546755151404e-01, -1.0820836821337429e-01,
          4.2636432153147069e-01, 7.7907587614444795e-01,
          1.2003010653725488e+00, 1.2279554843861120e+00,
          1.3901587110585616e+00, 1.6028242635400394e+00,
          8.8834103989163382e-01, 3.9895635166160826e-01,
          7.5503625120677587e-01, 6.3123323637428652e-01,
          2.6794062561514420e-01, -1.0047008037324143e-01,
          1.3185727074970406e+00, -1.2384037733319591e+00,
          -1.1020468572917217e+00, 1.2236407032837480e+00,
          1.2054200134296189e+00, 2.0032801398843563e+00,
          4.3824752731097893e-01, -1.1765815530107555e+00,
          -1.4946691202812903e+00, -4.4291367784044355e-01,
          -4.2748942281760705e-01, 1.1425679698689944e-01,
          -1.7717539946160579e-01, -1.2931218728035745e-01,
          3.0593504226309888e-02, -8.1695660317075358e-01,
          -8.6698388921962122e-01, -1.9072012570308674e+00,
          -2.2056508179018897e+00, 2.3384950146644679e+00,
          2.0719910242499937e+00, -2.4805480979050474e+00,
          2.1646795620907842e+00, 2.1494365987963082e+00,
          2.0316760913447576e+00, 1.9137979452979499e+00,
          1.4568448472372915e+00, 7.9847287926458232e-01,
          1.3968426823392239e+00, 1.4911894227161793e+00,
          1.4812899412431610e+00, 1.5654225024434982e+00,
          2.1949148760534229e+00, 7.0052853520873104e-01,
          6.1803050256476788e-01, 2.5926808473209662e-01,
          7.7886596213156423e-01, -3.7935156338335729e-01,
          -7.0208754325443035e-01, -8.3156211374502542e-01,
          7.1344134124699077e-01, 9.1243010014482373e-01,
          -7.0223147899560301e-01, -1.3890228845293073e-01,
          4.9686295084915433e-01, 7.6470450508747201e-01,
          1.6758583382820520e+00, 1.2854166823192286e+00,
          1.2704818979790742e+00, 2.1007381079047458e+00,
          8.1912514114925639e-01, 4.2032527223177502e-01,
          8.6579128492526103e-01, 7.9194357188157594e-01,
          2.4500506251716100e-01, -7.9275344533171407e-02,
          2.6991182954970987e+00, -2.7527902304227072e+00,
          -1.2755712678362918e+00, 1.2157310078506416e+00,
          1.2397165810435722e+00, 1.9131979451959185e+00,
          4.0849340347111740e-01, -1.2311779004286836e+00,
          -2.4402274179362604e+00, -3.2633589720415551e-01,
          9.9311096283767995e+01, -4.3301864222543898e+01,
          3.9158067999603240e+01, 3.7282183072773677e+01,
          2.5037460735225611e+01, 1.9210353648124823e+02,
          2.3174283358590216e+02, 3.1024784088425420e+01,
          6.5251463191084142e+01, 4.0417786348535039e+01,
          5.1422137240184824e+01, 8.6978313013298418e+01,
          7.9607112378657433e+01, 7.2258171335294804e+01,
          3.7563468013578344e+01, 4.8035200077388978e+01,
          -3.1190605102467650e+01, -1.1803495360340445e+02,
          -3.4120545079157473e+01, -4.6671557001051724e+01,
          -7.0567371709642913e+01, -1.1028457856886102e+02,
          2.7618666290788418e+01, -8.4388235749023352e+01,
          -3.6885205239344884e+01, -4.9985595604318036e+01,
          -1.0646790478386360e+02, 9.0009384713934296e+01,
          1.7796813239277876e+02, 2.0899088656889020e+02,
          -2.1111833420740027e+02, -2.6642567216122643e+02,
          1.7511036505556442e+02, -1.1352351338055925e+01,
          -1.5394280153901857e+02, -1.2258122883814183e+02,
          8.2034642438694604e+01, -1.9249538942008280e+00,
          6.5042867179861883e+00, 1.3080485788135454e+02,
          -1.3650936906944929e+02, -2.4904929846975136e+02,
          -2.4345556128518427e+02, -2.5508011653490431e+02,
          -1.3396242512161143e+01, -7.3446000351789976e+01,
          -2.6310083841638217e+01, 1.0126709130911091e+02,
          -5.0281871416501474e+01, -1.1795872031661936e+02,
          -1.0845198025527131e+02, 7.4521158576448288e-01,
          -1.3050399611927838e+02, 1.3162043476339235e+02,
          7.9305754832421840e+01, 1.1944628554697310e+01,
          1.4001520462539210e+02, 1.5570079502926578e+02,
          1.5105515105433997e+02, 1.4986520126298026e+02,
          1.4477424622560761e+02, 1.1587010401659934e+02,
          1.1473150709828613e+02, 7.8100676520341167e+01,
          8.0770392609396509e+01, 8.7501427315087497e+01,
          7.5087747827352885e+01, 8.9328954750752629e+01,
          1.4522136230084897e+02, 1.5729489752453134e+02,
          8.1985016265171154e+01, 7.4120462270554370e+01,
          1.3836853080022257e+02, 1.3759849468661216e+02,
          1.4342715985956519e+02, 1.2870666875521485e+02,
          1.4527992233701028e+02, 1.4035276691398283e+02,
          7.4877979603010530e+01, 1.4591056461768247e+02,
          1.3836156162415870e+02, 1.3296350653283011e+02,
          1.2889813761998056e+02, 1.6002452280260408e+02,
          1.4367933118182489e+02, 1.4108023819008483e+02,
          1.1763710159114873e+02, 9.9532151677938856e+01,
          1.2939413730043438e+02, 1.5705254887823045e+02,
          1.2921867128910185e+02, 1.4225067065219628e+02,
          5.9738421471770543e+01, 1.3166610071877943e+02,
          1.8067871586862347e+02, 1.0328261018933844e+02,
          1.6867158801351263e+02, 1.4572086387821145e+02,
          1.0855079965690361e+02, 1.0313396636768256e+02,
