%YAML:1.0
---
object_0:
   points: !!opencv-matrix
      rows: 3
      cols: 1264
      dt: f
      data: [ 12., 0., 0., 12., 27., 15., 15., 27., 42., 30., 30., 42.,
          57., 45., 45., 57., 72., 60., 60., 72., 87., 75., 75., 87.,
          102., 90., 90., 102., 12., 0., 0., 12., 27., 15., 15., 27.,
          42., 30., 30., 42., 57., 45., 45., 57., 72., 60., 60., 72.,
          87., 75., 75., 87., 102., 90., 90., 102., 12., 0., 0., 12.,
          27., 15., 15., 27., 42., 30., 30., 42., 57., 45., 45., 57.,
          72., 60., 60., 72., 87., 75., 75., 87., 102., 90., 90., 102.,
          12., 0., 0., 12., 27., 15., 15., 27., 42., 30., 30., 42., 57.,
          45., 45., 57., 72., 60., 60., 72., 87., 75., 75., 87., 102.,
          90., 90., 102., 12., 0., 0., 12., 27., 15., 15., 27., 42., 30.,
          30., 42., 57., 45., 45., 57., 72., 60., 60., 72., 87., 75.,
          75., 87., 102., 90., 90., 102., -1.45291100e+01,
          -2.65275402e+01, -2.67211399e+01, -1.47227106e+01,
          4.68927860e-01, -1.15295029e+01, -1.17231026e+01,
          2.75327802e-01, 1.54669657e+01, 3.46853542e+00, 3.27493548e+00,
          1.52733660e+01, 3.04650040e+01, 1.84665737e+01, 1.82729740e+01,
          3.02714043e+01, 4.54630432e+01, 3.34646111e+01, 3.32710114e+01,
          4.52694435e+01, 6.04610786e+01, 4.84626503e+01, 4.82690506e+01,
          6.02674789e+01, 7.54591217e+01, 6.34606895e+01, 6.32670860e+01,
          7.52655182e+01, -1.42871103e+01, -2.62855396e+01,
          -2.64791412e+01, -1.44807100e+01, 7.10927963e-01,
          -1.12875023e+01, -1.14811029e+01, 5.17327905e-01,
          1.57089663e+01, 3.71053553e+00, 3.51693559e+00, 1.55153656e+01,
          3.07070045e+01, 1.87085743e+01, 1.85149727e+01, 3.05134048e+01,
          4.57050438e+01, 3.37066116e+01, 3.35130119e+01, 4.55114403e+01,
          6.07030792e+01, 4.87046509e+01, 4.85110512e+01, 6.05094795e+01,
          7.57011185e+01, 6.37026863e+01, 6.35090866e+01, 7.55075150e+01,
          -1.40451097e+01, -2.60435410e+01, -2.62371407e+01,
          -1.42387104e+01, 9.52928007e-01, -1.10455027e+01,
          -1.12391024e+01, 7.59327948e-01, 1.59509659e+01,
          3.95253563e+00, 3.75893569e+00, 1.57573662e+01, 3.09490032e+01,
          1.89505730e+01, 1.87569733e+01, 3.07554035e+01, 4.59470406e+01,
          3.39486122e+01, 3.37550125e+01, 4.57534409e+01, 6.09450798e+01,
          4.89466515e+01, 4.87530479e+01, 6.07514801e+01, 7.59431152e+01,
          6.39446869e+01, 6.37510872e+01, 7.57495193e+01,
          -1.38031101e+01, -2.58015404e+01, -2.59951401e+01,
          -1.39967098e+01, 1.19492817e+00, -1.08035021e+01,
          -1.09971027e+01, 1.00132799e+00, 1.61929665e+01,
          4.19453573e+00, 4.00093555e+00, 1.59993658e+01, 3.11910038e+01,
          1.91925735e+01, 1.89989738e+01, 3.09974041e+01, 4.61890411e+01,
          3.41906128e+01, 3.39970131e+01, 4.59954414e+01, 6.11870804e+01,
          4.91886482e+01, 4.89950485e+01, 6.09934807e+01, 7.61851196e+01,
          6.41866913e+01, 6.39930878e+01, 7.59915161e+01,
          -1.35611095e+01, -2.55595398e+01, -2.57531395e+01,
          -1.37547102e+01, 1.43692815e+00, -1.05615025e+01,
          -1.07551022e+01, 1.24332809e+00, 1.64349670e+01,
          4.43653584e+00, 4.24293566e+00, 1.62413654e+01, 3.14330044e+01,
          1.94345741e+01, 1.92409744e+01, 3.12394047e+01, 4.64310417e+01,
          3.44326134e+01, 3.42390137e+01, 4.62374420e+01, 6.14290810e+01,
          4.94306488e+01, 4.92370491e+01, 6.12354813e+01, 7.64271164e+01,
          6.44286880e+01, 6.42350845e+01, 7.62335205e+01,
          -2.91223907e+02, -2.90885345e+02, -2.91986145e+02,
          -2.92324707e+02, -2.91647095e+02, -2.91308533e+02,
          -2.92409363e+02, -2.92747925e+02, -2.92070282e+02,
          -2.91731720e+02, -2.92832550e+02, -2.93171112e+02,
          -2.92493500e+02, -2.92154938e+02, -2.93255737e+02,
          -2.93594299e+02, -2.92916687e+02, -2.92578125e+02,
          -2.93678955e+02, -2.94017517e+02, -2.93339874e+02,
          -2.93001343e+02, -2.94102142e+02, -2.94440704e+02,
          -2.93763092e+02, -2.93424530e+02, -2.94525360e+02,
          -2.94863892e+02, -2.89847870e+02, -2.89509308e+02,
          -2.90610138e+02, -2.90948700e+02, -2.90271057e+02,
          -2.89932495e+02, -2.91033325e+02, -2.91371887e+02,
          -2.90694275e+02, -2.90355713e+02, -2.91456512e+02,
          -2.91795074e+02, -2.91117462e+02, -2.90778900e+02,
          -2.91879730e+02, -2.92218292e+02, -2.91540649e+02,
          -2.91202118e+02, -2.92302917e+02, -2.92641479e+02,
          -2.91963867e+02, -2.91625305e+02, -2.92726135e+02,
          -2.93064667e+02, -2.92387054e+02, -2.92048492e+02,
          -2.93149323e+02, -2.93487885e+02, -2.88471832e+02,
          -2.88133270e+02, -2.89234100e+02, -2.89572662e+02,
          -2.88895050e+02, -2.88556488e+02, -2.89657318e+02,
          -2.89995850e+02, -2.89318237e+02, -2.88979675e+02,
          -2.90080505e+02, -2.90419067e+02, -2.89741455e+02,
          -2.89402893e+02, -2.90503693e+02, -2.90842255e+02,
          -2.90164642e+02, -2.89826080e+02, -2.90926910e+02,
          -2.91265472e+02, -2.90587830e+02, -2.90249268e+02,
          -2.91350098e+02, -2.91688660e+02, -2.91011047e+02,
          -2.90672485e+02, -2.91773285e+02, -2.92111847e+02,
          -2.87095825e+02, -2.86757263e+02, -2.87858093e+02,
          -2.88196625e+02, -2.87519012e+02, -2.87180450e+02,
          -2.88281281e+02, -2.88619843e+02, -2.87942230e+02,
          -2.87603668e+02, -2.88704468e+02, -2.89043030e+02,
          -2.88365417e+02, -2.88026855e+02, -2.89127686e+02,
          -2.89466248e+02, -2.88788605e+02, -2.88450043e+02,
          -2.89550873e+02, -2.89889435e+02, -2.89211823e+02,
          -2.88873260e+02, -2.89974060e+02, -2.90312622e+02,
          -2.89635010e+02, -2.89296448e+02, -2.90397278e+02,
          -2.90735840e+02, -2.85719788e+02, -2.85381226e+02,
          -2.86482056e+02, -2.86820618e+02, -2.86143005e+02,
          -2.85804443e+02, -2.86905243e+02, -2.87243805e+02,
          -2.86566193e+02, -2.86227631e+02, -2.87328461e+02,
          -2.87667023e+02, -2.86989380e+02, -2.86650818e+02,
          -2.87751648e+02, -2.88090210e+02, -2.87412598e+02,
          -2.87074036e+02, -2.88174866e+02, -2.88513397e+02,
          -2.87835785e+02, -2.87497223e+02, -2.88598053e+02,
          -2.88936615e+02, -2.88258972e+02, -2.87920441e+02,
          -2.89021240e+02, -2.89359802e+02, 1.30213776e+02,
          1.20905525e+02, 1.21445648e+02, 1.30753891e+02, 1.41849091e+02,
          1.32540833e+02, 1.33080963e+02, 1.42389206e+02, 1.53484390e+02,
          1.44176147e+02, 1.44716278e+02, 1.54024521e+02, 1.65119705e+02,
          1.55811462e+02, 1.56351578e+02, 1.65659836e+02, 1.76755020e+02,
          1.67446762e+02, 1.67986893e+02, 1.77295151e+02, 1.88390335e+02,
          1.79082077e+02, 1.79622208e+02, 1.88930450e+02, 2.00025635e+02,
          1.90717392e+02, 1.91257523e+02, 2.00565765e+02, 1.29538620e+02,
          1.20230362e+02, 1.20770493e+02, 1.30078735e+02, 1.41173920e+02,
          1.31865677e+02, 1.32405807e+02, 1.41714050e+02, 1.52809235e+02,
          1.43500992e+02, 1.44041107e+02, 1.53349365e+02, 1.64444550e+02,
          1.55136307e+02, 1.55676422e+02, 1.64984680e+02, 1.76079865e+02,
          1.66771606e+02, 1.67311737e+02, 1.76619980e+02, 1.87715164e+02,
          1.78406921e+02, 1.78947052e+02, 1.88255295e+02, 1.99350479e+02,
          1.90042236e+02, 1.90582367e+02, 1.99890610e+02, 1.28863449e+02,
          1.19555206e+02, 1.20095337e+02, 1.29403580e+02, 1.40498764e+02,
          1.31190521e+02, 1.31730652e+02, 1.41038895e+02, 1.52134079e+02,
          1.42825836e+02, 1.43365952e+02, 1.52674210e+02, 1.63769394e+02,
          1.54461136e+02, 1.55001266e+02, 1.64309525e+02, 1.75404709e+02,
          1.66096451e+02, 1.66636581e+02, 1.75944824e+02, 1.87040009e+02,
          1.77731766e+02, 1.78271896e+02, 1.87580139e+02, 1.98675323e+02,
          1.89367081e+02, 1.89907196e+02, 1.99215454e+02, 1.28188293e+02,
