%YAML:1.0
---
nb_camera: 8
camera_0:
   camera_matrix: !!opencv-matrix
      rows: 3
      cols: 3
      dt: d
      data: [ 1.2923843884832629e+03, 0., 8.1212243283501084e+02, 0.,
          1.2944728237511245e+03, 5.4060847644851776e+02, 0., 0., 1. ]
   distortion_vector: !!opencv-matrix
      rows: 1
      cols: 5
      dt: d
      data: [ -1.4610256456228861e-02, 1.5109579384340774e-02,
          -4.5634583747755750e-04, -7.2928891020337513e-05,
          -1.0436846105007461e-02 ]
   distortion_type: 0
   camera_group: 0
   img_width: 1616
   img_height: 1080
   camera_pose_matrix: !!opencv-matrix
      rows: 4
      cols: 4
      dt: d
      data: [ 1., 0., 0., 0., 0., 1., 0., 0., 0., 0., 1., 0., 0., 0., 0.,
          1. ]
camera_1:
   camera_matrix: !!opencv-matrix
      rows: 3
      cols: 3
      dt: d
      data: [ 1.6014676315447214e+03, 0., 1.0335327259573282e+03, 0.,
          1.6025872483110816e+03, 7.0309400046620635e+02, 0., 0., 1. ]
   distortion_vector: !!opencv-matrix
      rows: 1
      cols: 5
      dt: d
      data: [ -1.7188823756465588e-01, -6.4881571335278423e+00,
          -4.9758423316620401e-03, -7.6354175339838582e-03,
          6.7884040096462371e+01 ]
   distortion_type: 0
   camera_group: 0
   img_width: 1920
   img_height: 1208
   camera_pose_matrix: !!opencv-matrix
      rows: 4
      cols: 4
      dt: d
      data: [ -5.0152309760392499e-01, -1.4601191902958416e-02,
          -8.6502103313432621e-01, 4.7600051635096044e+01,
          -2.3197833687008745e-01, 9.6551280848499599e-01,
          1.1819927188609995e-01, -3.8022347157216295e+01,
          8.3346303684851686e-01, 2.5994580559499114e-01,
          -4.8761413470162951e-01, 7.1760501756058702e+01, 0., 0., 0.,
          1. ]
camera_2:
   camera_matrix: !!opencv-matrix
      rows: 3
      cols: 3
      dt: d
      data: [ 1.2392419426976203e+03, 0., 9.8555254115211983e+02, 0.,
          1.2290599345759626e+03, 5.9221963489930283e+02, 0., 0., 1. ]
   distortion_vector: !!opencv-matrix
      rows: 1
      cols: 5
      dt: d
      data: [ -1.6362322008162289e-01, -4.5157248900450975e-01,
          1.4615537479219049e-02, 1.5432162271716394e-03,
          1.7676884730108995e+00 ]
   distortion_type: 0
   camera_group: 0
   img_width: 1920
   img_height: 1208
   camera_pose_matrix: !!opencv-matrix
      rows: 4
      cols: 4
      dt: d
      data: [ -5.0908461446689912e-01, 1.0925377621780181e-02,
          -8.6064713526329140e-01, -5.0387009330205270e+00,
          -2.3399364707780676e-01, 9.6050277267601858e-01,
          1.5060344222131031e-01, -4.9336293727372599e+01,
          8.2829935919347175e-01, 2.7805585734794769e-01,
          -4.8642071476673593e-01, 2.4084654387066006e+01, 0., 0., 0.,
          1. ]
camera_3:
   camera_matrix: !!opencv-matrix
      rows: 3
      cols: 3
      dt: d
      data: [ 1.1663323151061020e+03, 0., 9.8541162358841916e+02, 0.,
          1.1556280921587506e+03, 5.9029302470519156e+02, 0., 0., 1. ]
   distortion_vector: !!opencv-matrix
      rows: 1
      cols: 5
      dt: d
      data: [ -5.3239613216788095e-01, 1.0413031438249995e-01,
          1.9020710149686561e-02, 5.1405095772163708e-04,
          3.6794728941464788e-01 ]
   distortion_type: 0
   camera_group: 0
   img_width: 1920
   img_height: 1208
   camera_pose_matrix: !!opencv-matrix
      rows: 4
      cols: 4
      dt: d
      data: [ -9.9925817498232572e-01, -2.0760044104160557e-02,
          3.2436403928073371e-02, 9.9850629963118266e+01,
          -1.3020207197570695e-02, 9.7478313094583302e-01,
          2.2277414981988611e-01, -5.0788034873844346e+01,
          -3.6243260553158754e-02, 2.2218656168237097e-01,
          -9.7433031250815638e-01, 9.5829937015629611e+01, 0., 0., 0.,
          1. ]
camera_4:
   camera_matrix: !!opencv-matrix
      rows: 3
      cols: 3
      dt: d
      data: [ 9.0269623532238995e+02, 0., 9.6554408719125922e+02, 0.,
          8.9703113405601914e+02, 6.3063354748719814e+02, 0., 0., 1. ]
   distortion_vector: !!opencv-matrix
      rows: 1
      cols: 5
      dt: d
      data: [ -3.9623601731437191e-01, 2.6435671889638623e-01,
          1.1045804597006345e-02, 1.5692530588100868e-03,
          -1.7200523928530784e-01 ]
   distortion_type: 0
   camera_group: 0
   img_width: 1920
   img_height: 1208
   camera_pose_matrix: !!opencv-matrix
      rows: 4
      cols: 4
      dt: d
      data: [ 4.9384460106380634e-01, -4.4987924251040083e-02,
          -8.6838562670723229e-01, 4.5740588143628777e+01,
          -2.0300535405912926e-01, 9.6509919451416082e-01,
          -1.6544597599048880e-01, -6.9326858549399461e+01,
          8.4552133989832423e-01, 2.5799153362019561e-01,
          4.6747623721087889e-01, 1.4861739426139428e+02, 0., 0., 0., 1. ]
camera_5:
   camera_matrix: !!opencv-matrix
      rows: 3
      cols: 3
      dt: d
      data: [ 1.0246949240794538e+03, 0., 1.0091154075876161e+03, 0.,
          1.0227389252118367e+03, 6.5464738378524953e+02, 0., 0., 1. ]
   distortion_vector: !!opencv-matrix
      rows: 1
      cols: 5
      dt: d
      data: [ -8.6095190137001704e-02, -2.4983873895022146e-01,
          -1.6258826309109092e-03, -9.3031429687001166e-04,
          7.0061561199401634e-01 ]
   distortion_type: 0
   camera_group: 0
   img_width: 1920
   img_height: 1208
   camera_pose_matrix: !!opencv-matrix
      rows: 4
      cols: 4
      dt: d
      data: [ 4.8755307468869274e-01, -6.1870965154547361e-02,
          8.7089837698347250e-01, 2.9189186896729132e+02,
          2.4818884018693405e-01, 9.6615711107761415e-01,
          -7.0304596726124130e-02, -6.7251881769724491e+01,
          -8.3707484669428844e-01, 2.5042448040278181e-01,
          4.8640855322118898e-01, 2.1912884258599345e+02, 0., 0., 0., 1. ]
camera_6:
   camera_matrix: !!opencv-matrix
      rows: 3
      cols: 3
      dt: d
      data: [ 1.6268292473181773e+03, 0., 1.1883408164476559e+03, 0.,
          1.7341244974016984e+03, 6.8715397487321763e+02, 0., 0., 1. ]
   distortion_vector: !!opencv-matrix
      rows: 1
      cols: 5
      dt: d
      data: [ -1.2162807910025926e+00, -4.7493669829836810e-01,
          -4.3302572494937901e-02, -1.5927098588041838e-01,
          2.8412474065155218e+00 ]
   distortion_type: 0
   camera_group: 0
   img_width: 1920
   img_height: 1208
   camera_pose_matrix: !!opencv-matrix
      rows: 4
      cols: 4
      dt: d
      data: [ -6.4834954622510299e-01, -3.0601716680745794e-01,
          6.9713439129685717e-01, -2.0350864823522173e+01,
          2.7077597952450905e-01, 7.6311141500013524e-01,
          5.8680604735213415e-01, -1.6264369981608914e+02,
          -7.1156393586398548e-01, 5.6922268218653138e-01,
          -4.1190084154092893e-01, 1.1743697319766517e+02, 0., 0., 0.,
          1. ]
camera_7:
   camera_matrix: !!opencv-matrix
      rows: 3
      cols: 3
      dt: d
      data: [ 9.0514797322622019e+02, 0., 9.6895201571818768e+02, 0.,
          9.1053948518996970e+02, 6.0504554885576158e+02, 0., 0., 1. ]
   distortion_vector: !!opencv-matrix
      rows: 1
      cols: 5
      dt: d
      data: [ -3.6127428475117873e-01, 3.1428553947216892e-01,
          8.7573467524529342e-03, 2.9847011044121180e-03,
          -4.3863360413177732e-01 ]
   distortion_type: 0
   camera_group: 0
   img_width: 1920
   img_height: 1208
   camera_pose_matrix: !!opencv-matrix
      rows: 4
      cols: 4
      dt: d
      data: [ 9.9153315102526340e-01, 1.2748415011883418e-01,
          2.4694167051976090e-02, 6.2859909501545417e+01,
          -1.2803336220297729e-01, 9.9152356004839270e-01,
          2.2101765358512819e-02, -6.9780861825020779e+01,
          -2.1667223654949164e-02, -2.5076310283613693e-02,
          9.9945070417787307e-01, 1.6006989532465602e+02, 0., 0., 0., 1. ]
