%YAML:1.0
---
nb_camera: 9
camera_0:
   camera_matrix: !!opencv-matrix
      rows: 3
      cols: 3
      dt: d
      data: [ 2.4874004004269136e+03, 0., 1680., 0.,
          2.4874344846502149e+03, 1120., 0., 0., 1. ]
   distortion_vector: !!opencv-matrix
      rows: 1
      cols: 5
      dt: d
      data: [ -9.6905137752764506e-02, 1.1697996520235635e-01,
          -4.9584062567342550e-04, -4.3882954550531167e-04,
          -3.6083937613902314e-02 ]
   distortion_type: 0
   camera_group: 0
   img_width: 3360
   img_height: 2240
   camera_pose_matrix: !!opencv-matrix
      rows: 4
      cols: 4
      dt: d
      data: [ 1., 0., 0., 0., 0., 1., 0., 0., 0., 0., 1., 0., 0., 0., 0.,
          1. ]
camera_1:
   camera_matrix: !!opencv-matrix
      rows: 3
      cols: 3
      dt: d
      data: [ 4.2910927370531920e+02, 0., 6.2522054556063983e+02, 0.,
          4.2865887067313872e+02, 3.1530628510005056e+02, 0., 0., 1. ]
   distortion_vector: !!opencv-matrix
      rows: 1
      cols: 5
      dt: d
      data: [ -5.7378672580326931e-02, -5.1258972578527000e-03, 0., 0.,
          -5.6172403390242676e-04 ]
   distortion_type: 0
   camera_group: 0
   img_width: 1280
   img_height: 720
   camera_pose_matrix: !!opencv-matrix
      rows: 4
      cols: 4
      dt: d
      data: [ 9.2285798058002888e-01, -4.8780237689453998e-02,
          3.8203878872532215e-01, 1.9939455653963316e+02,
          1.9151140064325757e-02, 9.9653177051009001e-01,
          8.0979406013269820e-02, -1.6132768242785031e+02,
          -3.8466398520525358e-01, -6.7416012749092438e-02,
          9.2059149448114419e-01, 5.6685450830720072e+02, 0., 0., 0., 1. ]
camera_2:
   camera_matrix: !!opencv-matrix
      rows: 3
      cols: 3
      dt: d
      data: [ 1.3483650838152905e+03, 0., 6.5541051356060655e+02, 0.,
          1.3442733862090006e+03, 3.0841166395593359e+02, 0., 0., 1. ]
   distortion_vector: !!opencv-matrix
      rows: 1
      cols: 5
      dt: d
      data: [ -5.0255858619829952e-01, 3.1911396216376958e-01, 0., 0.,
          7.9668362689270522e-03 ]
   distortion_type: 0
   camera_group: 0
   img_width: 1280
   img_height: 720
   camera_pose_matrix: !!opencv-matrix
      rows: 4
      cols: 4
      dt: d
      data: [ 9.0044954320490433e-01, -9.6046313262105540e-02,
          4.2422367431678815e-01, 1.4929357020853550e+02,
          4.2996656178116051e-02, 9.9019359931405082e-01,
          1.3292074117678432e-01, -1.4445359318305540e+02,
          -4.3283011413206890e-01, -1.0144822120787679e-01,
          8.9574904449526360e-01, 5.4985490688767368e+02, 0., 0., 0., 1. ]
camera_4:
   camera_matrix: !!opencv-matrix
      rows: 3
      cols: 3
      dt: d
      data: [ 4.2910927370531920e+02, 0., 6.2522054556063983e+02, 0.,
          4.2865887067313872e+02, 3.1530628510005056e+02, 0., 0., 1. ]
   distortion_vector: !!opencv-matrix
      rows: 1
      cols: 5
      dt: d
      data: [ -5.7378672580326931e-02, -5.1258972578527000e-03, 0., 0.,
          -5.6172403390242676e-04 ]
   distortion_type: 0
   camera_group: 0
   img_width: 1280
   img_height: 720
   camera_pose_matrix: !!opencv-matrix
      rows: 4
      cols: 4
      dt: d
      data: [ 4.2195433046747577e-01, -2.8831788299851016e-03,
          9.0661250282553396e-01, 2.8635193899477071e+02,
          7.2038515515603585e-02, 9.9693975069233109e-01,
          -3.0357631195813105e-02, -5.0910575690935239e+01,
          -9.0375051606184564e-01, 7.8120552797245280e-02,
          4.2087074494267290e-01, 5.7191078507797693e+02, 0., 0., 0., 1. ]
camera_7:
   camera_matrix: !!opencv-matrix
      rows: 3
      cols: 3
      dt: d
      data: [ 4.2910927370531920e+02, 0., 6.2522054556063983e+02, 0.,
          4.2865887067313872e+02, 3.1530628510005056e+02, 0., 0., 1. ]
   distortion_vector: !!opencv-matrix
      rows: 1
      cols: 5
      dt: d
      data: [ -5.7378672580326931e-02, -5.1258972578527000e-03, 0., 0.,
          -5.6172403390242676e-04 ]
   distortion_type: 0
   camera_group: 0
   img_width: 1280
   img_height: 720
   camera_pose_matrix: !!opencv-matrix
      rows: 4
      cols: 4
      dt: d
      data: [ 3.3922121864069332e-01, 1.5652892880608044e-01,
          9.2759239931704052e-01, 8.0838854681564726e+01,
          1.8269407243762918e-03, 9.8594768939401989e-01,
          -1.6704435358964548e-01, -9.2864182841126404e+00,
          -9.4070485653658253e-01, 5.8359645521660647e-02,
          3.3416840763763639e-01, 1.4407717956582542e+02, 0., 0., 0., 1. ]
camera_8:
   camera_matrix: !!opencv-matrix
      rows: 3
      cols: 3
      dt: d
      data: [ 4.2910927370531920e+02, 0., 6.2522054556063983e+02, 0.,
          4.2865887067313872e+02, 3.1530628510005056e+02, 0., 0., 1. ]
   distortion_vector: !!opencv-matrix
      rows: 1
      cols: 5
      dt: d
      data: [ -5.7378672580326931e-02, -5.1258972578527000e-03, 0., 0.,
          -5.6172403390242676e-04 ]
   distortion_type: 0
   camera_group: 0
   img_width: 1280
   img_height: 720
   camera_pose_matrix: !!opencv-matrix
      rows: 4
      cols: 4
      dt: d
      data: [ 9.3111623955742484e-01, -1.5282283863479940e-01,
          -3.3116118194021776e-01, -8.7839106500705469e+01,
          9.1790851057451439e-02, 9.7694503135453881e-01,
          -1.9275073378285268e-01, -1.8120478987175073e+01,
          3.5298298555962826e-01, 1.4907577168434000e-01,
          9.2367712226845256e-01, 2.6769237156744367e+02, 0., 0., 0., 1. ]
