%YAML:1.0
---
object_0:
   poses: !!opencv-matrix
      rows: 6
      cols: 67
      dt: d
      data: [ 5.0901339729064385e-04, 4.5684725292652523e-02,
          2.3968208911634002e-02, 7.5600544217307802e-02,
          4.3983301506166944e-02, 3.8246001883158638e-02,
          1.1563128959769218e-02, -3.9110101773809047e-01,
          -7.5603926167677277e-02, 1.3647107817032214e-01,
          -5.2313186528010452e-02, -6.3500707658633165e-02,
          -8.8492482808042797e-02, -3.7463237280499016e-02,
          -1.0540597746180821e-02, 1.0240775708246330e-02,
          7.6437918877265143e-02, 2.0342794439090777e+00,
          1.9137155313182306e+00, 1.1626726036869522e-01,
          1.3585212531993652e-02, -5.0428650623781983e-02,
          1.7003290177568688e+00, -9.9482148092958619e-02,
          2.2554799549385556e+00, -5.2915889834598058e-02,
          5.3250751995762291e-02, 5.4339046918277989e-01,
          2.3237170193088720e-02, -4.1266500273897271e-02,
          -6.1002960028853880e-02, 1.7300735139936803e-02,
          -8.0981338456526941e-03, -1.9797836548053123e-02,
          3.0643111973424669e-01, 8.5665083901980099e-01,
          -6.3496521205052697e-02, -7.0503555675211604e-02,
          8.3256958386607002e-02, 4.9356647590973936e-03,
          8.3705679973710229e-02, 1.3374287367667079e-02,
          -7.6389207799885006e-02, -6.8413479408855615e-02,
          -1.0181178060115943e-01, 1.6632720513298216e+00,
          -3.6676804610062348e-02, -2.4932624510049106e-01,
          -1.7613153610987881e-01, -7.4000424286663993e-02,
          -2.2644522825461907e-02, -1.5466612604799380e-02,
          -1.8080749536621645e+00, -1.7741504803222474e+00,
          -1.3839837354973732e-02, 1.0189337696270573e-01,
          3.4616595842885296e-02, 8.8152764544238690e-02,
          6.7596597608068187e-02, 8.1254727147850717e-02,
          6.7508186319990071e-01, 9.7128971166199757e-02,
          9.2682029906461086e-02, 1.2514477996666490e-01,
          -1.0891674227321924e-03, -1.6097107487604392e-01,
          1.3071897470155533e-02, 2.0159903028114186e+00,
          1.6285910033886044e+00, 1.2528665828496943e+00,
          7.8450980614997157e-01, 6.4022548850888072e-01,
          3.9383880657134035e-01, -2.2099938610427156e-01,
          -4.5023773305274106e-01, -1.5640500683745148e-01,
          7.5452890009385110e-01, 1.0043062708400832e+00,
          1.3883321822798780e+00, 1.6656323215441184e+00,
          2.1119052614679088e+00, 3.1277813772407121e+00,
          2.9622862238540555e+00, -2.7848681264993345e+00,
          -1.9884791287331134e+00, -1.8013793754432623e+00,
          -2.6706694723625031e+00, 2.6404321180852164e+00,
          2.9618196778140558e+00, 2.1199640761081402e+00,
          3.0521294248136637e+00, -2.2245946309958184e+00,
          2.1722829228834595e+00, -1.3742182494302901e-01,
          -6.3851537730335917e-01, 4.8887844539367620e-01,
          2.6774271819094491e+00, -2.9888924062603937e+00,
          -2.7949755358553579e+00, 2.9097692450019221e+00,
          -4.3088405611441055e-01, -5.2073227834900815e-01,
          -9.7859984516117671e-01, -2.4164246214519911e-01,
          4.5203036876907549e-01, -1.0705333393836856e+00,
          -5.5925741785392824e-01, -2.7580950725751832e+00,
          -2.9304411301309488e+00, 2.8951539268152811e+00,
          2.4555102696642388e+00, 2.4445387863462917e+00,
          2.0336370978188811e+00, 1.9548344929805117e+00,
          1.3304124396365975e+00, 1.8136381096248528e+00,
          1.7098253237446999e+00, 1.2187263997261970e+00,
          2.8439642489212931e+00, -1.9451455125565180e+00,
          -1.9963279469764836e+00, 3.0466202040453041e+00,
          -2.6590367316590697e+00, 2.7741173992942105e+00,
          2.4572535923046859e+00, 1.9782919393574299e+00,
          -4.2736733863514825e-01, -6.2108123476462773e-01,
          -2.6182486907252817e-01, 1.7157606847573166e+00,
          1.5734660182328739e+00, 8.7736099718107508e-01,
          7.9025271191776925e-01, 2.3713153530520441e+00,
          4.2098478873902993e-03, 1.8961970613597463e-02,
          7.1160961589459754e-02, -1.2710227786753774e-02,
          -1.1174154936202716e-02, 1.5076479185728396e-02,
          -3.3041883229980550e-02, -1.4122299063068511e+00,
          -1.3576202060852413e-01, -8.5543627658759266e-02,
          -1.0344591534132010e-01, -9.7312047680821578e-02,
          -1.0889223206373919e-01, -1.2509662959605800e-01,
          -1.0206936174288991e-01, -3.0288472367832908e-01,
          -5.2975082032702264e-02, 4.3639575330809660e-01,
          7.0317799521700197e-01, 1.2453771220325065e-01,
          3.9532966818944727e-02, 5.3786973034872398e-02,
          -2.1333973457027330e-01, 9.0614927296186719e-03,
          2.4524889193969127e-01, -3.3647961265770215e-02,
          1.5129278648278142e+00, 1.4922072220875977e+00,
          -4.0398202998962046e-02, 8.7929322760122244e-04,
          2.8336937658290029e-01, 1.7276893837854612e-01,
          6.0279456502704436e-02, -6.6509880913755925e-02,
          1.5638950575873296e+00, 1.4297132026777766e+00,
          -8.8172185158218272e-02, 7.0981722519169047e-03,
          -6.0424069689418880e-02, -4.5932970556525718e-02,
          7.7336654225305473e-02, 8.7380463249485923e-02,
          -5.9060145027589404e-02, -8.5632031878335943e-02,
          -2.6900111709182561e-01, -1.0233693239002266e+00,
          -6.4579351668123688e-02, -2.5160718079417882e-01,
          -3.0295206538482128e-01, -1.7564237777275837e-01,
          -3.6739541001687331e-02, 1.3691884827526282e-01,
          -3.8362221084737486e-01, -5.2973831255754222e-01,
          3.2612105368755077e-02, -2.8398791625674800e-02,
          2.0069038384755092e-01, 6.0582478894926226e-02,
          1.0457830454779540e-01, -6.9355691188843618e-02,
          1.4702145109023237e+00, -7.8647866642895969e-02,
          7.0531280480498421e-02, 1.0454552934883236e-01,
          -2.0550019391151017e-02, -4.6252992375679543e-02,
          -1.2848057546667560e-01, 2.9622790290295717e+02,
          2.9192575944388022e+02, 2.4167229758974116e+02,
          2.0895886666922746e+02, 1.6761363089301810e+02,
          8.2588125701726625e+01, -1.4005803321156301e+02,
          -1.0570310661420956e+02, -1.4031308174308069e+02,
          1.2457515687220994e+02, 2.1559423503147946e+02,
          2.2290368117150365e+02, 1.7749578069308600e+02,
          2.3469057660364196e+01, -4.0874250398580301e+02,
          -3.8483779780691350e+02, -4.4778481737656199e+02,
          8.4489214284468247e+01, 1.0957387632138709e+02,
          -2.6748543078878339e+02, 8.9357061471548960e+01,
          1.2349647701749962e+01, 2.4502878909360808e+00,
          2.8045266262368318e+02, 1.3783984377535396e+02,
          4.9349408632356699e+02, 6.7950974858770678e+01,
          7.7538879888870355e+01, -2.7233100218101374e+01,
          1.5798174592904257e+02, 3.8340453718780296e+01,
          -1.0415277192274610e+02, 7.4075469277435388e+01,
          -2.6759983911951355e+02, 4.7724323791824702e+01,
          6.8407154564104601e+01, -2.6197281686565208e+02,
          -3.1384685792849449e+01, -4.5972787184283689e+01,
          2.4924080173947729e+02, -3.9319293756055811e+02,
          -4.0541769933816960e+02, -3.3294102436467540e+02,
          -2.1163512182495518e+02, -2.1634498069281787e+02,
          -1.9427477406968225e+02, -2.1103566605805074e+01,
          1.9818102282159140e+02, 3.3467492022223774e+02,
          3.9058000148898481e+02, 5.4998232633463761e+02,
          3.8945312625872924e+02, -9.4657087126424045e+01,
          -5.2732276252762190e+01, 2.3691579423697920e+02,
          -2.1372258331409105e+02, 1.1419555380294648e+02,
          3.3783531774297529e+02, 3.8450280411564785e+02,
          -2.9814435816404256e+02, 3.8001438376473722e+01,
          -2.4693576883823255e+02, 2.4555061459510674e+02,
          3.6363999281108914e+02, 4.9551220460235021e+02,
          1.9104417500726254e+02, 3.0156960576383551e+02,
