%YAML:1.0
---
object_0:
   poses: !!opencv-matrix
      rows: 6
      cols: 67
      dt: d
      data: [ -1.6785272382486220e+00, -2.1326873612433883e+00,
          -2.5272289470942373e+00, -2.8372012534788671e+00,
          -2.9437749342623118e+00, -3.0458743037775595e+00,
          -3.1171613472062334e+00, 2.0335338166896872e+00,
          3.0502462724654489e+00, -2.7965415029107015e+00,
          2.7046468938804833e+00, 2.3657926599924486e+00,
          2.0556816577611432e+00, -1.5570692078086903e+00,
          -2.5105867494744871e-02, -2.5819329423501203e-01,
          5.6103260009922884e-01, -2.9305283581551117e-01,
          -4.6740343628495856e-01, -7.0133551329539423e-01,
          -7.7894571256644896e-01, -2.8792242062854068e-01,
          -4.8165890856970639e-01, 1.3932196481798084e-01,
          3.9490097059601589e-02, 1.4449250841149444e+00,
          -2.2454649920563625e+00, -1.7951866600654798e+00,
          -3.0273821574643551e+00, -7.3161154228055070e-01,
          2.1167431712225740e-01, 5.3245406393670536e-01,
          -3.6606560460082194e-01, 3.0451366134633164e+00,
          -1.9370459835870650e+00, -1.4641681000219877e+00,
          3.0501546250029397e+00, 2.9918768485374985e+00,
          -2.6353671708751421e+00, 3.0222641026800399e+00,
          -5.8027719524116661e-01, 3.2592006362216758e-01,
          3.7927634202781307e-01, 1.0367425662097323e+00,
          1.0223711063453549e+00, -3.7533112967307225e-01,
          -1.7739035874074296e+00, 2.2630712387683740e+00,
          1.8073575719571453e+00, 2.0039737356566962e+00,
          2.5582157557079643e+00, -4.6635261201091721e-01,
          5.1117665839656246e-01, 4.7168259037157179e-01,
          -1.5301233259086483e-01, -7.2833030218132200e-01,
          -5.6322321256916685e-01, -1.0324597308904380e+00,
          -1.6928840351999035e+00, -2.9848149476877572e+00,
          -1.7259197581703443e+00, -3.0198720088799997e+00,
          -2.0493877549225248e+00, -2.1652394225978502e+00,
          -2.8688405773008183e+00, 2.7566468842085645e+00,
          -1.2570222254999401e+00, -6.4238246826359225e-03,
          -2.7207245900913495e-02, -1.0563822068556375e-01,
          1.7771457502621855e-02, 1.5760388967506353e-02,
          -2.3462629758380506e-02, 5.1640053108120053e-02,
          -1.8099439336500975e+00, -2.0793521908400844e-01,
          1.2461318477428927e-01, -1.5118410576055480e-01,
          -1.3589083378050612e-01, -1.4505143712830570e-01,
          1.6054325364872873e-01, 9.6153217723788098e-02,
          3.1715300906433108e-01, -6.2632161693897556e-02,
          -3.3125611060882537e-01, -5.6229649290120831e-01,
          -1.3560976989770152e-01, -5.0100552527286756e-02,
          -5.9027171435108244e-02, 1.7803051318852928e-01,
          4.2700367316532567e-03, -1.6597302532768538e-01,
          -3.9448141998674996e-02, -2.1181365885261458e+00,
          -1.7981128578964032e+00, 6.2210097708316599e-02,
          -2.0974867669913441e-03, 2.9027622212801579e-01,
          1.8998050813919984e-01, -6.6937569664389379e-02,
          -1.0629783835271733e-01, -1.9995451125658379e+00,
          -1.5617684930290123e+00, -1.3920197433465162e-01,
          1.1231527452177158e-02, 9.0234497686876775e-02,
          -7.1962392971123224e-02, -8.0922483124691455e-02,
          8.9667096527565202e-02, -6.2504322497808254e-02,
          -9.9590267707032928e-02, -3.1371809624378660e-01,
          8.3608626131643726e-01, 8.4393495108320074e-02,
          -3.3794042095777788e-01, -3.8886779548938971e-01,
          -2.3921840414692019e-01, -5.2064632711442634e-02,
          -1.5090988597130700e-01, -3.1561340086909928e-01,
          -4.3388143333860457e-01, -3.5264901496878782e-02,
          3.1435968494526317e-02, -2.1937482135556569e-01,
          -7.3484701992737267e-02, -1.3774495632439590e-01,
          1.1321998894218237e-01, -1.7157391199236822e+00,
          1.2591831880982901e-01, -9.0425281132609600e-02,
          -1.2300504726925124e-01, 6.7895862545274452e-02,
          -8.3378534445635172e-02, 1.8553373439536133e-01,
          2.6565201418353666e+00, 2.2520397259368581e+00,
          1.8269651274108814e+00, 1.1716785009132940e+00,
          9.7360737236477390e-01, 6.0653991742388313e-01,
          -3.4271803913726095e-01, 5.7978141618661438e-01,
          2.4035449796654468e-01, 1.1079229332168274e+00,
          -1.4859728317984473e+00, -1.9706721403938452e+00,
          -2.2655959721635544e+00, 2.7599974612134930e+00,
          3.1468333433835975e+00, 3.1088540594723160e+00,
          3.1456568931231290e+00, -1.5252860259945447e+00,
          -1.4493979463834041e+00, -2.9714698955300118e+00,
          3.0335493852341400e+00, 3.1624752346161320e+00,
          1.7566940197198848e+00, -3.0738286995837143e+00,
          -1.5516092026166808e+00, -2.7390223983093138e+00,
          -1.9705000955534466e-01, -7.7533593523364341e-01,
          7.5427911238692946e-01, 3.0870293247037091e+00,
          3.0812778510725871e+00, 3.1035878418189573e+00,
          3.1258106497120850e+00, 6.7354337280531895e-01,
          -6.6840643824763157e-01, -1.0705125361052432e+00,
          3.7683393168754731e-01, -6.8715228448195487e-01,
          -1.5637685606274490e+00, 8.6813193329419602e-01,
          -3.0255121657296522e+00, 3.1329268739352920e+00,
          -3.0643791744819384e+00, -2.9075962650621232e+00,
          -2.8701011519977522e+00, 1.6636355333041513e+00,
          2.6302255449539005e+00, -1.7982178314955206e+00,
          -2.3460579030837545e+00, -2.3203971082208428e+00,
          -1.7834507481404402e+00, 3.1149695694217394e+00,
          1.6017408037681131e+00, 1.6387929637253669e+00,
          3.1476890652870329e+00, -2.9775295407877178e+00,
          3.0580434675333064e+00, 2.8955518563232809e+00,
          2.5763923604702237e+00, -6.5116703483458249e-01,
          -7.2496067666882724e-01, -3.9282805353135652e-01,
          2.2440827424260257e+00, 2.0827864708247881e+00,
          1.2593497304296646e+00, -1.1317687002172461e+00,
          2.8458895998686011e+00, 2.9360029782632398e+02,
          2.9437031020137738e+02, 2.4095870117705218e+02,
          2.1590217010867934e+02, 1.7405194630735207e+02,
          8.7600168651740944e+01, -1.3215112923259397e+02,
          -3.7735707117650023e+01, -1.2520261574955943e+02,
          1.3738065811338080e+02, 2.2270669607613075e+02,
          2.2567202028450953e+02, 1.7654220349106612e+02,
          2.0954956885884407e+01, -4.1288691577510525e+02,
          -3.8875586665895310e+02, -4.5515791965073350e+02,
          1.8556847780554801e+01, 4.4308151233052541e+01,
          -2.7824125261281972e+02, 8.4854495433699100e+01,
          5.3281295008566536e+00, 6.5220093526130867e+01,
          2.7145455774525351e+02, 7.1324574826057855e+01,
          4.8877899390045189e+02, 8.7616197998459167e-01,
          1.0406869163531271e+01, -1.9063061610571612e+01,
          1.5108908297158973e+02, 3.5052941245373177e+01,
          -1.1108958431031780e+02, 6.8272039285875536e+01,
          -2.5605549253554040e+02, -2.0698791597902737e+01,
          1.6810786846992162e-01, -2.4860729653502810e+02,
          -2.7469679992897369e+01, -4.2396821911985334e+01,
          2.5699786400980832e+02, -4.0198524014347930e+02,
          -4.1084804839424521e+02, -3.4117671302087592e+02,
          -2.1816400903784569e+02, -2.2202065913545198e+02,
          -1.3391869173363625e+02, -2.3491893215723096e+01,
          2.0160464571632784e+02, 3.3521736116153193e+02,
          3.8987678578732283e+02, 5.5309470859194573e+02,
          3.8306420014204707e+02, -2.9447601037940597e+01,
          1.1581049252978186e+01, 2.3120639369631641e+02,
          -2.2331971690980748e+02, 1.0990694144970648e+02,
          3.3699551103884789e+02, 3.8203255738927464e+02,
          -2.8835932132115988e+02, -2.9862627638807044e+01,
          -2.3657195604406249e+02, 2.7143322813209960e+02,
          3.8587900757671167e+02, 5.3918659257940908e+02,
