%YAML:1.0
---
nb_camera: 9
camera_0:
   camera_matrix: !!opencv-matrix
      rows: 3
      cols: 3
      dt: d
      data: [ 2.4874004004269136e+03, 0., 1680., 0.,
          2.4874344846502149e+03, 1120., 0., 0., 1. ]
   distortion_vector: !!opencv-matrix
      rows: 1
      cols: 5
      dt: d
      data: [ -9.6905137752764506e-02, 1.1697996520235635e-01,
          -4.9584062567342550e-04, -4.3882954550531167e-04,
          -3.6083937613902314e-02 ]
   distortion_type: 0
   camera_group: 0
   img_width: 3360
   img_height: 2240
   camera_pose_matrix: !!opencv-matrix
      rows: 4
      cols: 4
      dt: d
      data: [ 1., 0., 0., 0., 0., 1., 0., 0., 0., 0., 1., 0., 0., 0., 0.,
          1. ]
camera_1:
   camera_matrix: !!opencv-matrix
      rows: 3
      cols: 3
      dt: d
      data: [ 4.2910927370531920e+02, 0., 6.2522054556063983e+02, 0.,
          4.2865887067313872e+02, 3.1530628510005056e+02, 0., 0., 1. ]
   distortion_vector: !!opencv-matrix
      rows: 1
      cols: 5
      dt: d
      data: [ -5.7378672580326931e-02, -5.1258972578527000e-03, 0., 0.,
          -5.6172403390242676e-04 ]
   distortion_type: 0
   camera_group: 0
   img_width: 1280
   img_height: 720
   camera_pose_matrix: !!opencv-matrix
      rows: 4
      cols: 4
      dt: d
      data: [ 9.3221502862519445e-01, -5.8057590529411125e-02,
          3.5721765995992855e-01, 2.1141229358597062e+02,
          2.7670180427688873e-02, 9.9559326902183121e-01,
          8.9601360444597017e-02, -1.5503163863667342e+02,
          -3.6084553692740473e-01, -7.3643457688668340e-02,
          9.2971347178538288e-01, 5.8054862525741135e+02, 0., 0., 0., 1. ]
camera_2:
   camera_matrix: !!opencv-matrix
      rows: 3
      cols: 3
      dt: d
      data: [ 1.3483650838152905e+03, 0., 6.5541051356060655e+02, 0.,
          1.3442733862090006e+03, 3.0841166395593359e+02, 0., 0., 1. ]
   distortion_vector: !!opencv-matrix
      rows: 1
      cols: 5
      dt: d
      data: [ -5.0255858619829952e-01, 3.1911396216376958e-01, 0., 0.,
          7.9668362689270522e-03 ]
   distortion_type: 0
   camera_group: 0
   img_width: 1280
   img_height: 720
   camera_pose_matrix: !!opencv-matrix
      rows: 4
      cols: 4
      dt: d
      data: [ 8.9611283325952740e-01, -1.0911135912800299e-01,
          4.3020518520448170e-01, 1.5260261753788296e+02,
          4.7414667385594009e-02, 9.8729783598280130e-01,
          1.5164047078662982e-01, -1.4145380110103613e+02,
          -4.4128634624730445e-01, -1.1548893614938707e-01,
          8.8990373987459293e-01, 5.6076604986008203e+02, 0., 0., 0., 1. ]
camera_4:
   camera_matrix: !!opencv-matrix
      rows: 3
      cols: 3
      dt: d
      data: [ 4.2910927370531920e+02, 0., 6.2522054556063983e+02, 0.,
          4.2865887067313872e+02, 3.1530628510005056e+02, 0., 0., 1. ]
   distortion_vector: !!opencv-matrix
      rows: 1
      cols: 5
      dt: d
      data: [ -5.7378672580326931e-02, -5.1258972578527000e-03, 0., 0.,
          -5.6172403390242676e-04 ]
   distortion_type: 0
   camera_group: 0
   img_width: 1280
   img_height: 720
   camera_pose_matrix: !!opencv-matrix
      rows: 4
      cols: 4
      dt: d
      data: [ 4.0414590045993931e-01, -7.4462272841399517e-03,
          9.1466422518903501e-01, 2.8721769627585343e+02,
          7.6487910773319914e-02, 9.9673970471482143e-01,
          -2.5681910959724035e-02, -4.2551402564720391e+01,
          -9.1149091638203239e-01, 8.0339994674156340e-02,
          4.0339781185425277e-01, 5.8194546505044036e+02, 0., 0., 0., 1. ]
camera_7:
   camera_matrix: !!opencv-matrix
      rows: 3
      cols: 3
      dt: d
      data: [ 4.2910927370531920e+02, 0., 6.2522054556063983e+02, 0.,
          4.2865887067313872e+02, 3.1530628510005056e+02, 0., 0., 1. ]
   distortion_vector: !!opencv-matrix
      rows: 1
      cols: 5
      dt: d
      data: [ -5.7378672580326931e-02, -5.1258972578527000e-03, 0., 0.,
          -5.6172403390242676e-04 ]
   distortion_type: 0
   camera_group: 0
   img_width: 1280
   img_height: 720
   camera_pose_matrix: !!opencv-matrix
      rows: 4
      cols: 4
      dt: d
      data: [ 3.3299306157849617e-01, 1.4199301597388556e-01,
          9.3217680959956284e-01, 8.0002062539014958e+01,
          -9.5912013107511632e-03, 9.8905565227218006e-01,
          -1.4723085806266664e-01, -1.5240400232904806e+01,
          -9.4288049603223634e-01, 4.0086158747033224e-02,
          3.3071055332255594e-01, 1.5289348609821732e+02, 0., 0., 0., 1. ]
camera_8:
   camera_matrix: !!opencv-matrix
      rows: 3
      cols: 3
      dt: d
      data: [ 4.2910927370531920e+02, 0., 6.2522054556063983e+02, 0.,
          4.2865887067313872e+02, 3.1530628510005056e+02, 0., 0., 1. ]
   distortion_vector: !!opencv-matrix
      rows: 1
      cols: 5
      dt: d
      data: [ -5.7378672580326931e-02, -5.1258972578527000e-03, 0., 0.,
          -5.6172403390242676e-04 ]
   distortion_type: 0
   camera_group: 0
   img_width: 1280
   img_height: 720
   camera_pose_matrix: !!opencv-matrix
      rows: 4
      cols: 4
      dt: d
      data: [ 9.3123647350599592e-01, -1.6767839915849256e-01,
          -3.2354688202447862e-01, -8.7154112224605242e+01,
          1.1243875902255095e-01, 9.7674157295339026e-01,
          -1.8257443724137778e-01, -2.4029462465084318e+01,
          3.4663547983665105e-01, 1.3364076518855433e-01,
          9.2843092904008329e-01, 2.7709351763460421e+02, 0., 0., 0., 1. ]
