%YAML:1.0
---
object_0:
   points: !!opencv-matrix
      rows: 3
      cols: 525
      dt: f
      data: [ 0., 15., 30., 45., 60., 75., 90., 0., 15., 30., 45., 60.,
          75., 90., 0., 15., 30., 45., 60., 75., 90., 0., 15., 30., 45.,
          60., 75., 90., 0., 15., 30., 45., 60., 75., 90.,
          5.52766190e+01, 4.03939972e+01, 2.55113773e+01, 1.06287556e+01,
          -4.25386620e+00, -1.91364880e+01, -3.40191078e+01,
          5.60840950e+01, 4.12014732e+01, 2.63188515e+01, 1.14362307e+01,
          -3.44639087e+00, -1.83290119e+01, -3.32116356e+01,
          5.68915710e+01, 4.20089493e+01, 2.71263275e+01, 1.22437057e+01,
          -2.63891554e+00, -1.75215378e+01, -3.24041595e+01,
          5.76990471e+01, 4.28164253e+01, 2.79338036e+01, 1.30511808e+01,
          -1.83144033e+00, -1.67140617e+01, -3.15966835e+01,
          5.85065193e+01, 4.36239014e+01, 2.87412777e+01, 1.38586569e+01,
          -1.02396512e+00, -1.59065866e+01, -3.07892075e+01,
          -6.13218018e+02, -6.24575500e+02, -6.35933044e+02,
          -6.47290527e+02, -6.58648071e+02, -6.70005615e+02,
          -6.81363098e+02, -6.10726440e+02, -6.22083984e+02,
          -6.33441467e+02, -6.44799011e+02, -6.56156555e+02,
          -6.67514038e+02, -6.78871582e+02, -6.08234924e+02,
          -6.19592407e+02, -6.30949951e+02, -6.42307434e+02,
          -6.53664978e+02, -6.65022522e+02, -6.76380005e+02,
          -6.05743347e+02, -6.17100891e+02, -6.28458374e+02,
          -6.39815918e+02, -6.51173401e+02, -6.62530945e+02,
          -6.73888489e+02, -6.03251831e+02, -6.14609314e+02,
          -6.25966858e+02, -6.37324341e+02, -6.48681885e+02,
          -6.60039429e+02, -6.71396912e+02, -2.20756439e+02,
          -2.05808624e+02, -1.90860809e+02, -1.75913010e+02,
          -1.60965195e+02, -1.46017380e+02, -1.31069565e+02,
          -2.19685150e+02, -2.04737350e+02, -1.89789536e+02,
          -1.74841721e+02, -1.59893906e+02, -1.44946091e+02,
          -1.29998291e+02, -2.18613876e+02, -2.03666061e+02,
          -1.88718246e+02, -1.73770432e+02, -1.58822632e+02,
          -1.43874817e+02, -1.28927002e+02, -2.17542587e+02,
          -2.02594788e+02, -1.87646973e+02, -1.72699158e+02,
          -1.57751343e+02, -1.42803528e+02, -1.27855721e+02,
          -2.16471313e+02, -2.01523499e+02, -1.86575684e+02,
          -1.71627869e+02, -1.56680069e+02, -1.41732254e+02,
          -1.26784439e+02, -8.90828476e+01, -1.04052452e+02,
          -1.19022049e+02, -1.33991653e+02, -1.48961243e+02,
          -1.63930847e+02, -1.78900452e+02, -8.91984940e+01,
          -1.04168098e+02, -1.19137695e+02, -1.34107300e+02,
          -1.49076889e+02, -1.64046494e+02, -1.79016098e+02,
          -8.93141403e+01, -1.04283745e+02, -1.19253342e+02,
          -1.34222946e+02, -1.49192535e+02, -1.64162140e+02,
          -1.79131744e+02, -8.94297943e+01, -1.04399391e+02,
          -1.19368988e+02, -1.34338593e+02, -1.49308197e+02,
          -1.64277786e+02, -1.79247391e+02, -8.95454407e+01,
          -1.04515038e+02, -1.19484634e+02, -1.34454239e+02,
          -1.49423843e+02, -1.64393433e+02, -1.79363037e+02,
          -6.89575623e+02, -6.88815430e+02, -6.88055237e+02,
          -6.87295044e+02, -6.86534790e+02, -6.85774597e+02,
          -6.85014404e+02, -6.88894104e+02, -6.88133911e+02,
          -6.87373718e+02, -6.86613525e+02, -6.85853271e+02,
          -6.85093079e+02, -6.84332886e+02, -6.88212585e+02,
          -6.87452393e+02, -6.86692200e+02, -6.85931946e+02,
          -6.85171753e+02, -6.84411560e+02, -6.83651367e+02,
          -6.87531067e+02, -6.86770874e+02, -6.86010620e+02,
          -6.85250427e+02, -6.84490234e+02, -6.83730042e+02,
          -6.82969788e+02, -6.86849548e+02, -6.86089355e+02,
          -6.85329102e+02, -6.84568909e+02, -6.83808716e+02,
          -6.83048523e+02, -6.82288269e+02, -6.64402161e+02,
          -6.52567627e+02, -6.40733154e+02, -6.28898621e+02,
          -6.17064087e+02, -6.05229614e+02, -5.93395081e+02,
          -6.61738342e+02, -6.49903809e+02, -6.38069275e+02,
          -6.26234802e+02, -6.14400269e+02, -6.02565735e+02,
          -5.90731262e+02, -6.59074463e+02, -6.47239929e+02,
          -6.35405457e+02, -6.23570923e+02, -6.11736389e+02,
          -5.99901917e+02, -5.88067383e+02, -6.56410645e+02,
          -6.44576111e+02, -6.32741577e+02, -6.20907104e+02,
          -6.09072571e+02, -5.97238037e+02, -5.85403503e+02,
          -6.53746765e+02, -6.41912231e+02, -6.30077759e+02,
          -6.18243225e+02, -6.06408691e+02, -5.94574219e+02,
          -5.82739685e+02, -2.84507843e+02, -2.69515991e+02,
          -2.54524139e+02, -2.39532288e+02, -2.24540436e+02,
          -2.09548584e+02, -1.94556732e+02, -2.84613708e+02,
          -2.69621857e+02, -2.54629990e+02, -2.39638153e+02,
          -2.24646301e+02, -2.09654449e+02, -1.94662598e+02,
          -2.84719543e+02, -2.69727692e+02, -2.54735855e+02,
          -2.39744003e+02, -2.24752151e+02, -2.09760300e+02,
          -1.94768463e+02, -2.84825409e+02, -2.69833557e+02,
          -2.54841721e+02, -2.39849869e+02, -2.24858017e+02,
          -2.09866165e+02, -1.94874313e+02, -2.84931274e+02,
          -2.69939423e+02, -2.54947571e+02, -2.39955734e+02,
          -2.24963882e+02, -2.09972031e+02, -1.94980179e+02,
          -2.12885117e+02, -2.27849274e+02, -2.42813446e+02,
          -2.57777618e+02, -2.72741791e+02, -2.87705933e+02,
          -3.02670105e+02, -2.11852661e+02, -2.26816833e+02,
          -2.41780991e+02, -2.56745148e+02, -2.71709320e+02,
          -2.86673492e+02, -3.01637665e+02, -2.10820206e+02,
          -2.25784378e+02, -2.40748550e+02, -2.55712708e+02,
          -2.70676880e+02, -2.85641052e+02, -3.00605225e+02,
          -2.09787766e+02, -2.24751923e+02, -2.39716095e+02,
          -2.54680267e+02, -2.69644440e+02, -2.84608582e+02,
          -2.99572754e+02, -2.08755310e+02, -2.23719482e+02,
          -2.38683640e+02, -2.53647812e+02, -2.68611969e+02,
          -2.83576141e+02, -2.98540314e+02, -7.93218750e+02,
          -7.96825439e+02, -8.00432129e+02, -8.04038879e+02,
          -8.07645569e+02, -8.11252258e+02, -8.14858948e+02,
          -7.94285828e+02, -7.97892517e+02, -8.01499268e+02,
          -8.05105957e+02, -8.08712646e+02, -8.12319336e+02,
          -8.15926086e+02, -7.95352905e+02, -7.98959656e+02,
          -8.02566345e+02, -8.06173035e+02, -8.09779724e+02,
          -8.13386475e+02, -8.16993164e+02, -7.96420044e+02,
          -8.00026733e+02, -8.03633423e+02, -8.07240112e+02,
          -8.10846863e+02, -8.14453552e+02, -8.18060242e+02,
          -7.97487122e+02, -8.01093811e+02, -8.04700500e+02,
          -8.08307251e+02, -8.11913940e+02, -8.15520630e+02,
          -8.19127380e+02, -7.85084656e+02, -7.82432251e+02,
          -7.79779785e+02, -7.77127380e+02, -7.74474915e+02,
          -7.71822510e+02, -7.69170044e+02, -7.85795959e+02,
          -7.83143494e+02, -7.80491089e+02, -7.77838623e+02,
          -7.75186218e+02, -7.72533752e+02, -7.69881348e+02,
          -7.86507202e+02, -7.83854736e+02, -7.81202332e+02,
          -7.78549866e+02, -7.75897461e+02, -7.73244995e+02,
          -7.70592590e+02, -7.87218445e+02, -7.84565979e+02,
          -7.81913574e+02, -7.79261108e+02, -7.76608704e+02,
          -7.73956238e+02, -7.71303833e+02, -7.87929688e+02,
          -7.85277222e+02, -7.82624817e+02, -7.79972351e+02,
          -7.77319946e+02, -7.74667480e+02, -7.72015076e+02,
          3.78523376e+02, 3.75844849e+02, 3.73166290e+02, 3.70487762e+02,
          3.67809204e+02, 3.65130646e+02, 3.62452118e+02, 3.89258698e+02,
          3.86580170e+02, 3.83901611e+02, 3.81223053e+02, 3.78544525e+02,
          3.75865967e+02, 3.73187439e+02, 3.99994019e+02, 3.97315460e+02,
          3.94636932e+02, 3.91958374e+02, 3.89279846e+02, 3.86601288e+02,
          3.83922760e+02, 4.10729340e+02, 4.08050781e+02, 4.05372253e+02,
          4.02693695e+02, 4.00015167e+02, 3.97336609e+02, 3.94658051e+02,
          4.21464661e+02, 4.18786102e+02, 4.16107574e+02, 4.13429016e+02,
