%YAML:1.0
---
nb_camera_group: 1
camera_group_0:
   frame_0:
      camera_0:
         nb_pts: 188
         error_list: !!opencv-matrix
            rows: 188
            cols: 1
            dt: f
            data: [ 2.29522629e+01, 1.92899971e+01, 2.13552132e+01,
                2.10472946e+01, 1.96931210e+01, 2.29110622e+01,
                1.98879089e+01, 2.05295010e+01, 1.92470322e+01,
                1.97628822e+01, 2.09910450e+01, 1.91511536e+01,
                2.39539013e+01, 2.16252995e+01, 2.35324821e+01,
                2.04539509e+01, 2.07524719e+01, 1.93195705e+01,
                1.98001118e+01, 2.19842796e+01, 2.05855141e+01,
                2.05588207e+01, 2.19702568e+01, 2.00788002e+01,
                2.27029476e+01, 2.20368557e+01, 2.35144558e+01,
                2.36634521e+01, 2.26571846e+01, 2.12671204e+01,
                2.20870972e+01, 2.36444530e+01, 2.23022995e+01,
                2.01153545e+01, 2.89866390e+01, 3.23571510e+01,
                2.82695141e+01, 3.27357788e+01, 3.24508438e+01,
                2.91299248e+01, 3.28497276e+01, 2.98491192e+01,
                3.16824818e+01, 3.22289925e+01, 3.14713955e+01,
                3.06026897e+01, 2.98719788e+01, 2.86359520e+01,
                2.98468399e+01, 2.90545902e+01, 3.03228416e+01,
                3.05104618e+01, 3.19760246e+01, 2.81537247e+01,
                2.98612480e+01, 3.05364933e+01, 2.93791714e+01,
                3.20891991e+01, 3.09830551e+01, 2.98580742e+01,
                3.12215023e+01, 2.84835014e+01, 3.11650543e+01,
                3.04824753e+01, 3.10265236e+01, 3.18188972e+01,
                2.93162155e+01, 3.13417969e+01, 2.85700893e+01,
                2.03525162e+01, 3.31668587e+01, 2.35737362e+01,
                3.44709053e+01, 2.67696743e+01, 2.66300526e+01,
                2.72947235e+01, 2.37284508e+01, 3.95175972e+01,
                2.32965450e+01, 3.76633873e+01, 3.40171776e+01,
                3.65070572e+01, 2.18951530e+01, 1.88935356e+01,
                3.60369263e+01, 2.02744102e+01, 2.99991379e+01,
                3.04049721e+01, 2.50393906e+01, 2.49278717e+01,
                2.70476036e+01, 3.12593040e+01, 3.04191799e+01,
                2.82335644e+01, 2.56731491e+01, 2.20170841e+01,
                2.45446949e+01, 3.53232269e+01, 2.51888046e+01,
                2.18404922e+01, 3.26940460e+01, 2.88330536e+01,
                3.15546627e+01, 2.82864304e+01, 2.71019802e+01,
                2.86297493e+01, 2.89796925e+01, 2.97439022e+01,
                2.63900433e+01, 2.51782341e+01, 2.73632336e+01,
                2.85848904e+01, 2.93562584e+01, 2.72925949e+01,
                2.80869675e+01, 2.52544384e+01, 2.95309429e+01,
                2.85892868e+01, 2.55747967e+01, 2.43064346e+01,
                2.63923359e+01, 2.55042858e+01, 2.70148296e+01,
                2.79296932e+01, 2.59539967e+01, 2.73013496e+01,
                2.87546463e+01, 2.97461681e+01, 2.65802917e+01,
                3.41651001e+01, 3.41366272e+01, 3.59203224e+01,
                3.47624016e+01, 3.42464752e+01, 3.57405014e+01,
                3.54822006e+01, 3.55619240e+01, 3.55606537e+01,
                3.74053116e+01, 3.58252831e+01, 3.52801094e+01,
                3.45631638e+01, 3.68664207e+01, 3.50140572e+01,
                3.41040649e+01, 3.42115593e+01, 3.46408119e+01,
                3.46012344e+01, 3.43421593e+01, 3.67112961e+01,
                3.65311890e+01, 3.52480354e+01, 3.50649986e+01,
                3.61047440e+01, 3.48006058e+01, 3.46705322e+01,
                3.49668541e+01, 3.26151886e+01, 4.37673531e+01,
                3.52048416e+01, 3.97614937e+01, 4.97129402e+01,
                5.72428093e+01, 5.02246284e+01, 3.10799503e+01,
                3.18615627e+01, 4.03942223e+01, 5.82915459e+01,
                2.91332912e+01, 3.58590202e+01, 4.55190125e+01,
                4.49544830e+01, 5.76924820e+01, 5.67929230e+01,
                4.43635979e+01, 3.37243271e+01, 5.63139305e+01,
                4.10221367e+01, 3.65752373e+01, 5.18237801e+01,
                4.60749016e+01, 3.03022652e+01, 3.44959335e+01,
                3.84708023e+01, 5.07350311e+01, 2.82869930e+01,
                5.12428360e+01, 3.91154861e+01 ]
      camera_1:
         nb_pts: 39
         error_list: !!opencv-matrix
            rows: 39
            cols: 1
            dt: f
            data: [ 1.72277880e+00, 9.27583933e-01, 8.42552423e-01,
                3.98518384e-01, 9.27920461e-01, 2.52923322e+00,
                2.74341011e+00, 2.00667524e+00, 2.23540497e+00,
                3.33641529e-01, 1.67584813e+00, 1.46195841e+00,
                2.45792651e+00, 1.14915097e+00, 7.45709002e-01,
                9.42587018e-01, 1.90922749e+00, 3.25807595e+00,
                9.77268875e-01, 7.92164683e-01, 1.94401348e+00,
                1.89916265e+00, 6.77539647e-01, 1.40007508e+00,
                1.66817844e+00, 1.86340320e+00, 8.29308808e-01,
                2.84889293e+00, 6.80758057e+01, 1.02148285e+02,
                9.36862183e+01, 7.81960011e-01, 2.86211681e+00,
                1.03816063e+02, 1.06446743e+01, 6.64780960e+01,
                9.61155167e+01, 3.50798273e+00, 6.84165955e+01 ]
      camera_2:
         nb_pts: 56
         error_list: !!opencv-matrix
            rows: 56
            cols: 1
            dt: f
            data: [ 6.61975443e-01, 1.36204273e-01, 4.60505515e-01,
                5.00559807e-01, 5.71740985e-01, 9.96009409e-01,
                3.97958100e-01, 7.06848383e-01, 9.49717879e-01,
                5.90898037e-01, 5.33526301e-01, 8.27859044e-01,
                5.08635581e-01, 3.11945528e-01, 7.89956272e-01,
                3.77986252e-01, 8.89291823e-01, 2.95269340e-01,
                7.65158772e-01, 7.06417322e-01, 7.62373686e-01,
                7.93836057e-01, 3.73015225e-01, 2.00982839e-01,
                3.81641924e-01, 3.16674978e-01, 3.48341435e-01,
                1.25897244e-01, 8.07165429e-02, 4.13460433e-01,
                6.93594217e-01, 1.61997288e-01, 9.60017443e-01,
                4.16337401e-01, 1.13431573e+00, 1.30444133e+00,
                1.82333446e+00, 2.25615978e+00, 1.22187901e+00,
                6.93149567e-01, 5.62715769e-01, 2.74390578e-01,
                1.86113238e+00, 1.14400828e+00, 1.52821481e+00,
                9.64274287e-01, 1.33258867e+00, 2.08367300e+00,
                1.56718850e+00, 9.38998640e-01, 2.07315612e+00,
                3.07249451e+00, 2.05262303e+00, 2.52301550e+00,
                1.94290388e+00, 2.21317768e+00 ]
      camera_4:
         nb_pts: 18
         error_list: !!opencv-matrix
            rows: 18
            cols: 1
            dt: f
            data: [ 1.05384314e+00, 3.48623812e-01, 1.09777784e+00,
                1.02939451e+00, 8.20369959e-01, 6.49218917e-01,
                7.39009678e-01, 3.52787137e-01, 1.02501535e+00,
                3.28619599e-01, 7.13036180e-01, 3.47832561e-01,
                7.68767059e-01, 2.38757670e-01, 6.26470029e-01,
                1.98038149e+00, 3.49650711e-01, 9.26653981e-01 ]
      camera_7:
         nb_pts: 16
         error_list: !!opencv-matrix
            rows: 16
            cols: 1
            dt: f
            data: [ 3.30538511e-01, 5.61295822e-02, 1.79148376e-01,
                1.71264753e-01, 4.71682400e-01, 1.27558351e-01,
                2.21880347e-01, 3.24788123e-01, 1.97205946e-01,
                2.60937244e-01, 8.14104229e-02, 3.30812722e-01,
                8.52681026e-02, 2.38010272e-01, 1.58236340e-01,
                1.51016191e-01 ]
      camera_8:
         nb_pts: 44
         error_list: !!opencv-matrix
            rows: 44
            cols: 1
            dt: f
            data: [ 2.65376121e-01, 2.38490939e-01, 1.84069157e+00,
                7.54851460e-01, 3.94399524e-01, 6.83341086e-01,
                5.70451796e-01, 1.22259855e+00, 2.99824381e+00,
                1.23472047e+00, 3.13435495e-01, 4.75371420e-01,
                1.21991420e+00, 2.18946433e+00, 1.10984303e-01,
